"x"
0
0
0
0
0
0
0
0
0
0
0
0
0
0
0
0
0
0
0
0
0
0
0
0
0
0
0
0
0
0
0
0
0
0
0
0
0
0
0
0
0
0
0
0
0
0
0
0
0
0
0
0
0
0
0
0
0
0
0
0
0
0
0
0
0
0
0
0
0
0
0
0
0
0
0
0
0
0
0
0
0
0
0
0
0
0
0
0
0
0
0
0
0
0
0
0
0
0
0
0
0
0
0
0
0
0
0
0
0
0
0.798178687246484
0
0
0
0
0
0
0
0
0
0.114915764927221
0
0
0
0
0
0
0
0
0
0
0
0
0
0
0
0
0
0
0
0
0
0
0
0
0
0
0
0
0
0
0
0
0
0
0
0
0
0
0
0
0
0
0
0
0
0
0
0
0
0
0
0
0
0
0
0
0
0
0
0
0
0
0
0
0
0
0
0
0
0
0
0
0
8.83524356416466e-06
2.11012510484746e-05
3.44791856356467e-05
3.70491432162534e-05
3.44239965939787e-05
2.44173823449602e-05
9.1777438217915e-06
1.24955025562382e-05
1.59733396682786e-05
8.9959369903799e-06
8.40127938258903e-07
0
0
0
0
0
4.44875499838107e-07
1.55824056096368e-05
1.5561953082113e-05
1.04969854968526e-05
1.3850969104512e-07
0
0
0
0
7.54613357443597e-06
1.77547437289696e-05
2.12830597194485e-05
1.69665303661295e-05
6.56060093093486e-06
0
0
0
0
0
3.27163633065729e-06
5.11515608224856e-06
1.49554141016989e-06
0
0
0
0
0
0
0
0
0
0
0
0
7.86889481885644e-06
1.30960873719984e-06
0
0
0
0
0
5.93430787189273e-06
0
0
0
1.28889710449051e-05
3.39003782231704e-05
4.32081108686633e-05
4.643980022009e-05
4.92066946291463e-05
3.81092042977395e-05
1.70181249898492e-05
0
0
0
0
8.63324871942258e-06
2.09367516674516e-05
3.11998064738392e-05
4.04174663393776e-05
3.722358165012e-05
2.47390761596137e-05
1.54851222659674e-05
5.68128480581048e-06
0
2.80636111880328e-06
1.82537639908413e-05
2.64131135169026e-05
3.09465872040112e-05
8.52779904220684e-05
0.000140383023944746
0.000165610880740045
0.000178142548924827
0.000174440836402489
0.000140343771742336
4.57648215003729e-05
3.41957324048421e-06
0
0
0
0
3.19730988877407e-05
0.000189373997056587
0.000318701538140209
0.000346760347573007
0.0842367281532051
0
0
0
0
0
0
0
0
0
0
0
0
0
0
0
0
0
0
0
0
0
0
0
0
0
0
0
0
0
0
0
0
0
0
0
0
0
0
0
0
0
0
0
0
0
0
0
0
0
0
0
0
0
0
0
0
0
0
0
0
0
0
0
0
0
0
0
0
0
