"V3"
5.78376392202584e-05
5.78376392202584e-05
5.78376392202584e-05
5.78376392202584e-05
5.78376392202584e-05
5.78376392202584e-05
5.78376392202584e-05
5.78376392202584e-05
5.78376392202584e-05
5.78376392202584e-05
5.78376392202584e-05
5.78376392202584e-05
5.78376392202584e-05
5.78376392202584e-05
5.78376392202584e-05
5.78376392202584e-05
5.78376392202584e-05
5.78376392202584e-05
5.78376392202584e-05
5.78376392202584e-05
5.78376392202584e-05
5.78376392202584e-05
5.78376392202584e-05
5.78376392202584e-05
5.78376392202584e-05
5.78376392202584e-05
5.78376392202584e-05
5.78376392202584e-05
5.78376392202584e-05
5.78376392202584e-05
5.78376392202584e-05
5.78376392202584e-05
5.78376392202584e-05
5.78376392202584e-05
5.78376392202584e-05
5.78376392202584e-05
5.78376392202584e-05
5.78376392202584e-05
5.78376392202584e-05
5.78376392202584e-05
5.78376392202584e-05
5.78376392202584e-05
5.78376392202584e-05
5.78376392202584e-05
5.78376392202584e-05
5.78376392202584e-05
5.78376392202584e-05
5.78376392202584e-05
5.78376392202584e-05
5.78376392202584e-05
5.78376392202584e-05
5.78376392202584e-05
5.78376392202584e-05
5.78376392202584e-05
5.78376392202584e-05
5.78376392202584e-05
5.78376392202584e-05
5.78376392202584e-05
5.78376392202584e-05
5.78376392202584e-05
5.78376392202584e-05
5.78376392202584e-05
5.78376392202584e-05
5.78376392202584e-05
5.78376392202584e-05
5.78376392202584e-05
5.78376392202584e-05
5.78376392202584e-05
5.78376392202584e-05
5.78376392202584e-05
5.78376392202584e-05
5.78376392202584e-05
5.78376392202584e-05
5.78376392202584e-05
5.78376392202584e-05
5.78376392202584e-05
5.78376392202584e-05
5.78376392202584e-05
5.78376392202584e-05
5.78376392202584e-05
5.78376392202584e-05
5.78376392202584e-05
5.78376392202584e-05
5.78376392202584e-05
5.78376392202584e-05
5.78376392202584e-05
5.78376392202584e-05
5.78376392202584e-05
5.78376392202584e-05
5.78376392202584e-05
5.78376392202584e-05
5.78376392202584e-05
5.78376392202584e-05
5.78376392202584e-05
5.78376392202584e-05
5.78376392202584e-05
5.78376392202584e-05
5.78376392202584e-05
5.78376392202584e-05
5.78376392202584e-05
5.78376392202584e-05
5.78376392202584e-05
5.78376392202584e-05
5.78376392202584e-05
5.78376392202584e-05
5.78376392202584e-05
5.78376392202584e-05
5.78376392202584e-05
5.78376392202584e-05
5.78376392202584e-05
5.78376392202584e-05
5.78376392202584e-05
5.78376392202584e-05
5.78376392202584e-05
5.78376392202584e-05
5.78376392202584e-05
5.78376392202584e-05
5.78376392202584e-05
5.78376392202584e-05
5.78376392202584e-05
5.78376392202584e-05
5.78376392202584e-05
5.78376392202584e-05
5.78376392202584e-05
5.78376392202584e-05
5.78376392202584e-05
5.78376392202584e-05
5.78376392202584e-05
5.78376392202584e-05
5.78376392202584e-05
5.78376392202584e-05
5.78376392202584e-05
5.78376392202584e-05
5.78376392202584e-05
5.78376392202584e-05
5.78376392202584e-05
5.78376392202584e-05
5.78376392202584e-05
5.78376392202584e-05
5.78376392202584e-05
5.78376392202584e-05
5.78376392202584e-05
5.78376392202584e-05
5.78376392202584e-05
5.78376392202584e-05
5.78376392202584e-05
5.78376392202584e-05
5.78376392202584e-05
5.78376392202584e-05
5.78376392202584e-05
5.78376392202584e-05
5.78376392202584e-05
5.78376392202584e-05
5.78376392202584e-05
5.78376392202584e-05
5.78376392202584e-05
5.78376392202584e-05
5.78376392202584e-05
5.78376392202584e-05
5.78376392202584e-05
5.78376392202584e-05
5.78376392202584e-05
5.78376392202584e-05
5.78376392202584e-05
5.78376392202584e-05
5.78376392202584e-05
6.36214031422842e-05
0.000258534247314555
0.000155583249502495
0.000197804726133284
6.63397721856364e-05
7.80808129473488e-05
7.73289236374855e-05
0.00115790953718957
0.00207232261326186
0.00372011695464702
0.00447027113533377
0.00466402722672164
0.00512325808213049
0.00518803623805718
0.00502782597741706
0.00511631756542406
0.00513135535162132
0.00509433926252036
0.00521290642292189
0.00648706961494418
0.00716434837021341
0.00765076291605578
0.00990238221090044
0.0115652143384829
0.012356433243016
0.0134275863213752
0.0150557158654255
0.0172333029820682
0.0181106999690395
0.0184594609335377
0.0189296809403984
0.0187469140004624
0.0194548467045183
0.0201454281168082
0.0216104555182573
0.0232443688262296
0.0218984869615742
0.0192402690630112
0.0178619981203924
0.0163368195741542
0.0194317116488302
0.0209788684979721
0.0214149642976929
0.0218146223847049
0.021078349237431
0.0171199412091965
0.0171679464497493
0.0203143140233314
0.0191182316442564
0.0185126715616203
0.0156190544714308
0.018409142187416
0.0213293645916469
0.0213629104223946
0.0213033376539978
0.0176127178953531
0.0159504641441629
0.0158359456185067
0.0146415983686084
0.0145802904710349
0.0143865343796471
0.0147063765245351
0.0120122992896555
0.0116936138975518
0.0108619086455645
0.0117069165545725
0.0106623687902546
0.00919097924849126
0.0107126875363763
0.011237274924104
0.0123072712496788
0.0122569525035572
0.00993534966525599
0.00985669047591643
0.00982777165630631
0.00748650402067025
0.00740206106740867
0.000101736407388435
5.78376392202584e-05
0.00255873715910423
0.00712964578668125
0.00704288932785086
0.00644889677305881
0.00597809838980591
0.00376812219519983
9.37548131760388e-05
0.00123367684456811
5.78376392202584e-05
5.78376392202584e-05
5.78376392202584e-05
0.000107982872424222
0.00144420585132985
0.000108619086455645
0.000480052405528145
5.78376392202584e-05
5.78376392202584e-05
5.78376392202584e-05
5.78376392202584e-05
5.78376392202584e-05
5.78376392202584e-05
5.78376392202584e-05
5.78376392202584e-05
5.78376392202584e-05
5.78376392202584e-05
5.78376392202584e-05
5.78376392202584e-05
5.78376392202584e-05
5.78376392202584e-05
5.78376392202584e-05
5.78376392202584e-05
5.78376392202584e-05
5.78376392202584e-05
5.78376392202584e-05
5.78376392202584e-05
5.78376392202584e-05
5.78376392202584e-05
5.78376392202584e-05
5.78376392202584e-05
5.78376392202584e-05
5.78376392202584e-05
5.78376392202584e-05
5.78376392202584e-05
5.78376392202584e-05
5.78376392202584e-05
5.78376392202584e-05
5.78376392202584e-05
5.78376392202584e-05
5.78376392202584e-05
5.78376392202584e-05
5.78376392202584e-05
5.78376392202584e-05
5.78376392202584e-05
5.78376392202584e-05
5.78376392202584e-05
5.78376392202584e-05
5.78376392202584e-05
5.78376392202584e-05
5.78376392202584e-05
5.78376392202584e-05
5.78376392202584e-05
5.78376392202584e-05
5.78376392202584e-05
5.78376392202584e-05
5.78376392202584e-05
5.78376392202584e-05
5.78376392202584e-05
5.78376392202584e-05
5.78376392202584e-05
5.78376392202584e-05
5.78376392202584e-05
5.78376392202584e-05
5.78376392202584e-05
5.78376392202584e-05
5.78376392202584e-05
5.78376392202584e-05
5.78376392202584e-05
5.78376392202584e-05
5.78376392202584e-05
5.78376392202584e-05
5.78376392202584e-05
5.78376392202584e-05
5.78376392202584e-05
5.78376392202584e-05
5.78376392202584e-05
5.78376392202584e-05
5.78376392202584e-05
5.78376392202584e-05
5.78376392202584e-05
5.78376392202584e-05
5.78376392202584e-05
5.78376392202584e-05
5.78376392202584e-05
5.78376392202584e-05
5.78376392202584e-05
5.78376392202584e-05
5.78376392202584e-05
5.78376392202584e-05
5.78376392202584e-05
5.78376392202584e-05
5.78376392202584e-05
5.78376392202584e-05
5.78376392202584e-05
5.78376392202584e-05
5.78376392202584e-05
5.78376392202584e-05
5.78376392202584e-05
5.78376392202584e-05
5.78376392202584e-05
5.78376392202584e-05
5.78376392202584e-05
5.78376392202584e-05
5.78376392202584e-05
5.78376392202584e-05
5.78376392202584e-05
5.78376392202584e-05
5.78376392202584e-05
5.78376392202584e-05
5.78376392202584e-05
5.78376392202584e-05
