0 2 1.11 0.26 0.06753815 0 0.01 0.43 0.19 0.0174 0.01 1e-04 5.5
2 5 1.11 0.26 0.06753815 0 0.04 0.43 0.19 0.0174 0.01 1e-04 5.5
5 10 1.11 0.26 0.06753815 0 0.25 0.43 0.19 0.0174 0.01 1e-04 5.5
10 20 1.11 0.26 0.06753815 0 0.3 0.43 0.19 0.0174 0.01 1e-04 5.5
20 40 1.2 0.26 0.06753815 0 0.15 0.43 0.19 0.0086 0.01 1e-04 5.5
40 60 1.6 0.26 0.06753815 0 0.1 0.43 0.19 0.0086 0.01 1e-04 5.5
60 80 1.55 0.246 0.13822352 0 0.05 0.51 0.23 0.00466 0.01 5.5e-05 6.5
80 100 1.55 0.142 0.06916603 0 0.04 0.71 0.12 0.0038 0.01 0.00055 6.5
100 120 1.55 0.069 0.02266792 0 0.03 0.87 0.05 0 0.01 0.0055 6.5
120 140 1.55 0.069 0.02266792 0 0.02 0.87 0.05 0 0.01 0.0055 6.5
140 160 1.55 0.069 0.02266792 0 0.01 0.87 0.05 0 0.01 0.0055 6.5
160 180 1.55 0.033 0.02266792 0 0 0.95 0.01 0 0.01 0.0055 6.5
180 200 1.55 0.033 0.02266792 0 0 0.95 0.01 0 0.01 0.0055 6.5
