MON   YR       DPM      RPM      BIO      HUM    TOTAL       CO2     D14C
 12 1850    0.0020  10.2122   1.0544  42.7858  59.2602    2.7566   -98.08
 12 1851    0.2739   9.4013   1.0227  42.6959  58.5997    5.5230   -99.17
 12 1852    0.0775   8.1576   0.9462  42.5433  56.9305    7.8532  -102.06
 12 1853    0.0638   7.0932   0.8584  42.3417  55.5631    9.8350  -104.54
 12 1854    0.0855   6.2214   0.7816  42.1187  54.4132   11.6538  -106.73
 12 1855    0.0724   5.4657   0.7147  41.8790  53.3378   13.3409  -108.86
 12 1856    0.0648   4.8392   0.6578  41.6265  52.3943   14.9205  -110.79
 12 1857    0.0672   4.2868   0.6040  41.3566  51.5205   16.3607  -112.64
 12 1858    0.0788   3.8341   0.5588  41.0780  50.7557   17.7201  -114.31
 12 1859    0.0720   3.4522   0.5218  40.7945  50.0464   19.0231  -115.91
 12 1860    0.0725   3.1533   0.4927  40.5086  49.4330   20.2875  -117.32
 12 1861    0.0683   2.8526   0.4609  40.2101  48.7978   21.4436  -118.83
 12 1862    0.0601   2.6148   0.4366  39.9117  48.2291   22.5757  -120.20
 12 1863    0.0595   2.4264   0.4171  39.6121  47.7209   23.6767  -121.46
 12 1864    0.0579   2.2408   0.3964  39.3065  47.2076   24.7123  -122.75
 12 1865    0.0617   2.0792   0.3776  38.9979  46.7223   25.7034  -124.01
 12 1866    0.0610   1.9574   0.3642  38.6919  46.2804   26.6879  -125.17
 12 1867    0.0585   1.8446   0.3514  38.3846  45.8450   27.6393  -126.33
 12 1868    0.0641   1.7408   0.3384  38.0750  45.4242   28.5505  -127.48
 12 1869    0.0558   1.6583   0.3294  37.7690  45.0184   29.4618  -128.60
 12 1870    0.0548   1.5674   0.3179  37.4593  44.6053   30.3236  -129.77
 12 1871    0.0608   1.5113   0.3105  37.1535  44.2420   31.1880  -130.81
 12 1872    0.0592   1.4683   0.3055  36.8513  43.8902   32.0525  -131.84
 12 1873    0.0636   1.4301   0.3001  36.5499  43.5496   32.8988  -132.84
 12 1874    0.0477   1.3709   0.2934  36.2483  43.1662   33.7198  -133.99
 12 1875    0.0452   1.3056   0.2843  35.9441  42.7851   34.4991  -135.16
 12 1876    0.0423   1.2638   0.2787  35.6440  42.4348   35.2824  -136.25
 12 1877    0.0573   1.2653   0.2776  35.3505  42.1567   36.0874  -137.12
 12 1878    0.0671   1.2931   0.2806  35.0654  41.9122   36.9268  -137.90
 12 1879    0.0640   1.3028   0.2819  34.7829  41.6375   37.7612  -138.79
 12 1880    0.0587   1.3144   0.2835  34.5043  41.3668   38.6004  -139.67
 12 1881    0.0448   1.2889   0.2803  34.2237  41.0435   39.4033  -140.74
 12 1882    0.0606   1.2850   0.2773  33.9447  40.7735   40.1953  -141.64
 12 1883    0.0486   1.2574   0.2737  33.6673  40.4530   40.9769  -142.73
 12 1884    0.0445   1.2458   0.2717  33.3935  40.1614   41.7606  -143.73
 12 1885    0.0498   1.2202   0.2666  33.1178  39.8604   42.5098  -144.78
 12 1886    0.0495   1.1949   0.2623  32.8443  39.5568   43.2519  -145.86
 12 1887    0.0555   1.1948   0.2611  32.5762  39.2935   44.0098  -146.81
 12 1888    0.0483   1.1852   0.2598  32.3106  39.0099   44.7635  -147.84
 12 1889    0.0458   1.1508   0.2542  32.0420  38.6987   45.4753  -148.99
 12 1890    0.0465   1.1439   0.2526  31.7791  38.4280   46.2054  -150.01
 12 1891    0.0435   1.1402   0.2517  31.5195  38.1608   46.9375  -151.03
 12 1892    0.0416   1.1183   0.2480  31.2589  37.8727   47.6419  -152.14
 12 1893    0.0465   1.1037   0.2447  31.0002  37.6010   48.3389  -153.20
 12 1894    0.0472   1.0994   0.2434  30.7456  37.3416   49.0436  -154.23
 12 1895    0.0448   1.0855   0.2409  30.4920  37.0692   49.7349  -155.33
 12 1896    0.0466   1.0666   0.2373  30.2387  36.7952   50.4084  -156.45
 12 1897    0.0417   1.0482   0.2345  29.9880  36.5182   51.0790  -157.59
 12 1898    0.0432   1.0229   0.2300  29.7366  36.2385   51.7257  -158.77
 12 1899    0.0438   1.0108   0.2277  29.4890  35.9771   52.3789  -159.88
 12 1900    0.0179   1.0419   0.2337  29.3138  35.8132   52.9591  -160.63
 12 1901    0.0183   1.0695   0.2364  29.1374  35.6675   53.5213  -161.30
 12 1902    0.0159   1.0849   0.2377  28.9616  35.5060   54.0769  -162.04
 12 1903    0.0164   1.0977   0.2383  28.7870  35.3452   54.6296  -162.79
 12 1904    0.0158   1.1184   0.2403  28.6160  35.1963   55.1968  -163.49
 12 1905    0.0166   1.1326   0.2412  28.4456  35.0418   55.7582  -164.28
 12 1906    0.0192   1.1624   0.2443  28.2799  34.9117   56.3411  -164.96
 12 1907    0.0174   1.1726   0.2449  28.1135  34.7544   56.9091  -165.76
 12 1908    0.0167   1.1899   0.2466  27.9501  34.6092   57.4876  -166.50
 12 1909    0.0143   1.1862   0.2453  27.7849  34.4365   58.0439  -167.37
 12 1910    0.0170   1.1908   0.2448  27.6217  34.2801   58.6039  -168.16
 12 1911    0.0148   1.1822   0.2429  27.4580  34.1039   59.1508  -169.05
 12 1912    0.0145   1.1860   0.2428  27.2974  33.9467   59.7094  -169.86
 12 1913    0.0155   1.1785   0.2409  27.1358  33.7767   60.2506  -170.73
 12 1914    0.0153   1.1693   0.2389  26.9749  33.6044   60.7874  -171.62
 12 1915    0.0174   1.1787   0.2396  26.8182  33.4597   61.3427  -172.45
 12 1916    0.0155   1.1792   0.2392  26.6618  33.3016   61.8914  -173.33
 12 1917    0.0142   1.1591   0.2358  26.5026  33.1177   62.4112  -174.33
 12 1918    0.0155   1.1633   0.2358  26.3483  32.9688   62.9544  -175.17
 12 1919    0.0146   1.1691   0.2363  26.1959  32.8218   63.5017  -176.01
 12 1920    0.0146   1.1643   0.2350  26.0427  32.6626   64.0346  -176.84
 12 1921    0.0160   1.1635   0.2343  25.8910  32.5107   64.5685  -177.66
 12 1922    0.0159   1.1682   0.2345  25.7418  32.3662   65.1096  -178.44
 12 1923    0.0156   1.1675   0.2339  25.5928  32.2158   65.6441  -179.26
 12 1924    0.0157   1.1588   0.2321  25.4433  32.0558   66.1658  -180.13
 12 1925    0.0145   1.1505   0.2305  25.2949  31.8963   66.6859  -181.10
 12 1926    0.0149   1.1366   0.2280  25.1460  31.7314   67.1931  -182.09
 12 1927    0.0151   1.1318   0.2269  24.9994  31.5791   67.7077  -183.03
 12 1928    0.0165   1.1408   0.2277  24.8563  31.4472   68.2371  -183.87
 12 1929    0.0169   1.1444   0.2278  24.7136  31.3086   68.7612  -184.74
 12 1930    0.0140   1.1324   0.2258  24.5697  31.1479   69.2679  -185.57
 12 1931    0.0144   1.1213   0.2237  24.4262  30.9915   69.7684  -186.40
 12 1932    0.0140   1.1201   0.2232  24.2853  30.8485   70.2790  -187.17
 12 1933    0.0147   1.1180   0.2224  24.1452  30.7063   70.7857  -187.96
 12 1934    0.0169   1.1297   0.2235  24.0085  30.5845   71.3072  -188.64
 12 1935    0.0152   1.1254   0.2226  23.8706  30.4397   71.8132  -189.56
 12 1936    0.0149   1.1304   0.2229  23.7354  30.3095   72.3284  -190.40
 12 1937    0.0132   1.1214   0.2213  23.5989  30.1607   72.8271  -191.34
 12 1938    0.0151   1.1181   0.2202  23.4637  30.0230   73.3260  -192.23
 12 1939    0.0135   1.1062   0.2181  23.3282  29.8720   73.8148  -193.20
 12 1940    0.0133   1.1059   0.2177  23.1953  29.7382   74.3136  -194.07
 12 1941    0.0143   1.0968   0.2159  23.0615  29.5944   74.7979  -195.01
 12 1942    0.0139   1.0857   0.2140  22.9282  29.4476   75.2772  -195.97
 12 1943    0.0159   1.0927   0.2145  22.7985  29.3275   75.7740  -196.78
 12 1944    0.0144   1.0931   0.2143  22.6694  29.1971   76.2663  -197.66
 12 1945    0.0131   1.0741   0.2113  22.5375  29.0418   76.7318  -198.83
 12 1946    0.0145   1.0788   0.2115  22.4101  28.9207   77.2203  -199.82
 12 1947    0.0137   1.0847   0.2121  22.2844  28.8009   77.7128  -200.78
 12 1948    0.0138   1.0822   0.2113  22.1582  28.6714   78.1941  -201.80
 12 1949    0.0150   1.0830   0.2109  22.0333  28.5481   78.6767  -202.77
 12 1950    0.0192   1.0895   0.2111  21.9097  28.4355   79.1610  -203.58
 12 1951    0.0164   1.1034   0.2130  21.7900  28.3287   79.6641  -204.36
 12 1952    0.0264   1.1686   0.2212  21.6797  28.3018   80.2245  -204.67
 12 1953    0.0149   1.1733   0.2223  21.5644  28.1808   80.7444  -205.55
 12 1954    0.0260   1.2230   0.2278  21.4557  28.1385   81.3022  -205.90
 12 1955    0.0174   1.2356   0.2297  21.3456  28.0341   81.8439  -206.48
 12 1956    0.0233   1.2824   0.2352  21.2415  27.9882   82.4198  -206.43
 12 1957    0.0168   1.2765   0.2340  21.1316  27.8649   82.9504  -206.57
 12 1958    0.0259   1.3026   0.2362  21.0262  27.7969   83.5045  -205.54
 12 1959    0.0165   1.2890   0.2344  20.9178  27.6635   84.0316  -204.82
 12 1960    0.0247   1.3277   0.2386  20.8172  27.6142   84.6060  -203.40
 12 1961    0.0171   1.3156   0.2368  20.7114  27.4868   85.1390  -202.84
 12 1962    0.0293   1.3771   0.2441  20.6174  27.4738   85.7459  -199.39
 12 1963    0.0148   1.3530   0.2412  20.5139  27.3287   86.2819  -194.34
 12 1964    0.0280   1.3986   0.2460  20.4197  27.2982   86.8762  -185.45
 12 1965    0.0143   1.3536   0.2399  20.3144  27.1282   87.3882  -184.04
 12 1966    0.0290   1.4048   0.2456  20.2227  27.1080   87.9868  -178.24
 12 1967    0.0156   1.3756   0.2420  20.1222  26.9613   88.5199  -177.54
 12 1968    0.0301   1.4177   0.2463  20.0310  26.9311   89.1107  -174.01
 12 1969    0.0158   1.3918   0.2433  19.9333  26.7900   89.6510  -174.22
 12 1970    0.0282   1.4235   0.2463  19.8426  26.7465   90.2335  -172.34
 12 1971    0.0207   1.4302   0.2475  19.7518  26.6562   90.8107  -171.86
 12 1972    0.0363   1.5184   0.2585  19.6745  26.6936   91.4737  -168.64
 12 1973    0.0196   1.5020   0.2569  19.5857  26.5700   92.0539  -169.41
 12 1974    0.0309   1.5569   0.2632  19.5069  26.5638   92.6976  -167.73
 12 1975    0.0188   1.5343   0.2602  19.4194  26.4387   93.2765  -168.69
 12 1976    0.0300   1.5986   0.2679  19.3453  26.4477   93.9416  -167.04
 12 1977    0.0213   1.5944   0.2673  19.2639  26.3528   94.5526  -167.80
 12 1978    0.0373   1.6736   0.2768  19.1954  26.3891   95.2473  -166.26
 12 1979    0.0205   1.6493   0.2739  19.1154  26.2650   95.8586  -167.79
 12 1980    0.0354   1.7179   0.2819  19.0485  26.2896   96.5553  -166.85
 12 1981    0.0187   1.6849   0.2778  18.9699  26.1571   97.1671  -168.67
 12 1982    0.0384   1.7691   0.2876  18.9080  26.2091   97.8895  -167.58
 12 1983    0.0219   1.7533   0.2860  18.8358  26.1029   98.5371  -169.05
 12 1984    0.0344   1.8351   0.2962  18.7786  26.1502   99.2829  -168.28
 12 1985    0.0209   1.7950   0.2906  18.7050  26.0175   99.9137  -170.18
 12 1986    0.0382   1.8485   0.2962  18.6441  26.0330  100.6264  -170.02
 12 1987    0.0225   1.8036   0.2904  18.5714  25.8938  101.2544  -172.01
 12 1988    0.0368   1.8792   0.2997  18.5167  25.9383  102.0015  -171.57
 12 1989    0.0231   1.8348   0.2938  18.4460  25.8037  102.6361  -173.48
 12 1990    0.0539   1.9837   0.3124  18.4051  25.9610  103.4700  -171.71
 12 1991    0.0177   1.8616   0.2969  18.3274  25.7094  104.0494  -175.01
 12 1992    0.0594   2.0690   0.3231  18.2985  25.9560  104.9590  -172.30
 12 1993    0.0154   1.9272   0.3054  18.2224  25.6763  105.5433  -175.81
 12 1994    0.0426   1.9815   0.3103  18.1697  25.7100  106.2832  -175.68
 12 1995    0.0164   2.0079   0.3160  18.1229  25.6690  107.0603  -176.40
 12 1996    0.0236   1.9108   0.3003  18.0479  25.4884  107.6415  -178.68
 12 1997    0.0480   2.0207   0.3141  18.0068  25.5955  108.4504  -177.75
 12 1998    0.0185   2.1021   0.3282  17.9744  25.6291  109.3167  -177.64
 12 1999    0.0243   2.0741   0.3226  17.9185  25.5454  110.0196  -178.78
 12 2000    0.0546   2.1996   0.3377  17.8873  25.6851  110.8887  -177.55
 12 2001    0.0194   2.2887   0.3531  17.8658  25.7329  111.8232  -177.29
 12 2002    0.0592   2.4106   0.3660  17.8421  25.8837  112.7397  -176.02
 12 2003    0.0455   2.4383   0.3701  17.8123  25.8721  113.6140  -176.36
 12 2004    0.0166   2.4374   0.3712  17.7830  25.8141  114.4903  -177.15
 12 2005    0.0177   2.2843   0.3473  17.7191  25.5742  115.1265  -179.72
 12 2006    0.0549   2.3509   0.3533  17.6860  25.6510  115.9704  -179.17
 12 2007    0.0180   2.3873   0.3618  17.6621  25.6350  116.8758  -179.53
 12 2008    0.0198   2.2597   0.3422  17.6017  25.4293  117.5293  -181.71
 12 2009    0.0502   2.3356   0.3506  17.5713  25.5137  118.3848  -181.08
 12 2010    0.0193   2.3835   0.3604  17.5491  25.5182  119.2947  -181.22
 12 2011    0.0223   2.2741   0.3434  17.4928  25.3384  119.9692  -183.10
 12 2012    0.0556   2.4300   0.3634  17.4791  25.5339  120.9325  -181.39
 12 2013    0.0276   2.5515   0.3834  17.4752  25.6435  121.9625  -180.53
 12 2014    0.0515   2.6675   0.3971  17.4671  25.7892  122.9633  -179.33
 12 2015    0.0773   2.7803   0.4100  17.4620  25.9354  123.9839  -178.14
 12 2016    0.0193   2.8056   0.4177  17.4589  25.9073  125.0188  -178.53
 12 2017    0.0151   2.5965   0.3857  17.4030  25.6062  125.6903  -181.37
 12 2018    0.0602   2.6959   0.3959  17.3909  25.7488  126.6591  -180.21
 12 2019    0.0236   2.7605   0.4084  17.3893  25.7877  127.7002  -179.98
 12 2020    0.0464   2.7752   0.4076  17.3710  25.8061  128.6254  -179.91
 12 2021    0.4667   3.6388   0.4930  17.4588  27.2632  130.2759  -167.76
 12 2022    0.0056   3.1864   0.4691  17.4437  26.3107  131.2285  -175.69
 12 2023    0.0018   2.8051   0.4111  17.3709  25.7949  131.7838  -180.24
 12 2024    0.0841   3.0349   0.4375  17.3878  26.1501  132.9489  -177.24
 12 2025    0.0331   3.2185   0.4687  17.4259  26.3521  134.2621  -175.61
 12 2026    0.0380   3.1516   0.4569  17.4134  26.2658  135.2299  -176.41
 12 2027    0.0884   3.3704   0.4837  17.4463  26.5947  136.5075  -173.75
 12 2028    0.0334   3.5338   0.5114  17.4951  26.7797  137.8975  -172.31
 12 2029    0.0340   3.3739   0.4857  17.4781  26.5776  138.8379  -174.03
 12 2030    0.0870   3.5049   0.4992  17.5022  26.7991  140.0593  -172.29
 12 2031    0.0297   3.5968   0.5170  17.5424  26.8918  141.3941  -171.62
 12 2032    0.0412   3.4981   0.4999  17.5380  26.7831  142.4241  -172.55
 12 2033    0.0875   3.6266   0.5140  17.5672  27.0012  143.6840  -170.86
 12 2034    0.0309   3.7171   0.5317  17.6118  27.0973  145.0520  -170.15
 12 2035    0.0375   3.5214   0.5009  17.5935  26.8592  145.9913  -172.09
 12 2036    0.0799   3.6160   0.5109  17.6175  27.0301  147.2187  -170.78
 12 2037    0.0278   3.6790   0.5246  17.6553  27.0927  148.5439  -170.33
 12 2038    0.0404   3.5632   0.5057  17.6500  26.9651  149.5745  -171.37
 12 2039    0.0903   3.6980   0.5210  17.6818  27.1970  150.8590  -169.61
 12 2040    0.0283   3.7878   0.5395  17.7294  27.2909  152.2552  -168.93
 12 2041    0.0284   3.5575   0.5046  17.7078  27.0042  153.1784  -171.20
 12 2042    0.0886   3.7060   0.5213  17.7404  27.2622  154.4722  -169.22
 12 2043    0.0327   3.8138   0.5422  17.7902  27.3849  155.8866  -168.30
 12 2044    0.0578   3.7953   0.5363  17.8063  27.4017  157.0724  -168.20
 12 2045    0.0860   3.9291   0.5531  17.8495  27.6236  158.4441  -166.57
 12 2046    0.0346   4.0256   0.5712  17.9051  27.7424  159.9051  -165.72
 12 2047    0.0486   3.9390   0.5558  17.9179  27.6673  161.0751  -166.31
 12 2048    0.0917   4.0615   0.5695  17.9619  27.8905  162.4596  -164.69
 12 2049    0.0342   4.1425   0.5859  18.0201  27.9886  163.9452  -164.00
 12 2050    0.0296   3.8802   0.5465  18.0055  27.6677  164.9348  -166.39
 12 2051    0.0774   3.9172   0.5479  18.0297  27.7780  166.1880  -165.59
 12 2052    0.0288   3.9337   0.5551  18.0673  27.7907  167.5365  -165.51
 12 2053    0.0495   3.8594   0.5421  18.0763  27.7333  168.6906  -165.95
 12 2054    0.0972   4.0097   0.5603  18.1204  27.9936  170.0852  -164.05
 12 2055    0.0339   4.1061   0.5803  18.1790  28.1051  171.5828  -163.25
 12 2056    0.0328   3.8665   0.5442  18.1654  27.8149  172.5889  -165.38
 12 2057    0.0968   3.9780   0.5552  18.1998  28.0356  173.9218  -163.77
 12 2058    0.0309   4.0381   0.5703  18.2494  28.0947  175.3635  -163.35
 12 2059    0.0396   3.8525   0.5418  18.2415  27.8814  176.4121  -164.92
 12 2060    0.0883   3.9280   0.5490  18.2695  28.0407  177.7063  -163.79
 12 2061    0.0289   3.9683   0.5608  18.3120  28.0758  179.1026  -163.56
 12 2062    0.0395   3.7965   0.5343  18.3031  27.8793  180.1486  -165.01
 12 2063    0.1037   3.9195   0.5472  18.3350  28.1113  181.4728  -163.35
 12 2064    0.0340   4.0021   0.5662  18.3857  28.1938  182.9294  -162.78
 12 2065    0.0531   3.9318   0.5537  18.3959  28.1404  184.1111  -163.18
 12 2066    0.0885   4.0317   0.5653  18.4325  28.3238  185.4735  -161.89
 12 2067    0.0329   4.0926   0.5791  18.4814  28.3920  186.9240  -161.42
 12 2068    0.0451   3.9093   0.5503  18.4738  28.1844  187.9886  -162.91
 12 2069    0.0822   3.9476   0.5530  18.4969  28.2855  189.2628  -162.20
 12 2070    0.0301   3.9618   0.5602  18.5319  28.2899  190.6219  -162.18
 12 2071    0.0566   3.9269   0.5525  18.5453  28.2872  191.8337  -162.21
 12 2072    0.0840   3.9513   0.5539  18.5668  28.3619  193.1020  -161.70
 12 2073    0.0277   3.9478   0.5588  18.5988  28.3390  194.4444  -161.87
 12 2074    0.0325   3.7161   0.5241  18.5761  28.0547  195.4127  -163.91
 12 2075    0.0846   3.8087   0.5340  18.5990  28.2322  196.6918  -162.65
 12 2076    0.0315   3.8698   0.5486  18.6367  28.2925  198.0756  -162.23
 12 2077    0.0409   3.7066   0.5237  18.6229  28.0999  199.1074  -163.62
 12 2078    0.0856   3.7926   0.5330  18.6445  28.2616  200.3807  -162.46
 12 2079    0.0312   3.8443   0.5461  18.6794  28.3069  201.7480  -162.15
 12 2080    0.0271   3.5973   0.5100  18.6501  27.9904  202.6757  -164.43
 12 2081    0.0896   3.7192   0.5231  18.6716  28.2094  203.9500  -162.86
 12 2082    0.0306   3.8048   0.5417  18.7108  28.2939  205.3488  -162.27
 12 2083    0.0402   3.6931   0.5241  18.7039  28.1672  206.4321  -163.18
 12 2084    0.0928   3.8371   0.5409  18.7344  28.4111  207.7709  -161.45
 12 2085    0.0330   3.9400   0.5615  18.7816  28.5220  209.2283  -160.68
 12 2086    0.0526   3.8629   0.5475  18.7848  28.4537  210.3855  -161.17
 12 2087    0.0881   3.9626   0.5588  18.8155  28.6308  211.7305  -159.94
 12 2088    0.0315   4.0252   0.5727  18.8592  28.6946  213.1689  -159.50
 12 2089    0.0330   3.7959   0.5379  18.8388  28.4115  214.1682  -161.49
 12 2090    0.0869   3.8838   0.5463  18.8618  28.5847  215.4647  -160.28
 12 2091    0.0284   3.9312   0.5588  18.8992  28.6236  216.8622  -160.02
 12 2092    0.0295   3.6939   0.5234  18.8731  28.3258  217.8253  -162.12
 12 2093    0.0933   3.8237   0.5375  18.8981  28.5584  219.1368  -160.49
 12 2094    0.0319   3.9092   0.5561  18.9402  28.6433  220.5689  -159.91
 12 2095    0.0360   3.7122   0.5264  18.9200  28.4005  221.5751  -161.61
 12 2096    0.0866   3.8212   0.5384  18.9433  28.5955  222.8781  -160.25
 12 2097    0.0331   3.8925   0.5541  18.9809  28.6665  224.2815  -159.77
 12 2098    0.0514   3.8318   0.5431  18.9841  28.6163  225.4506  -160.12
 12 2099    0.0793   3.8734   0.5468  19.0017  28.7072  226.7186  -159.50
