MON   YR       DPM      RPM      BIO      HUM    TOTAL       CO2     D14C
 12 1850    0.0020  10.2122   1.0544  42.7858  59.2602    2.7566   -98.08
 12 1851    0.1914   9.1536   0.9942  42.6604  58.2055    5.2800   -99.84
 12 1852    0.0531   7.8684   0.9067  42.4809  56.5150    7.4228  -102.80
 12 1853    0.0438   6.7746   0.8153  42.2587  55.0983    9.2583  -105.43
 12 1854    0.0591   5.8724   0.7357  42.0150  53.8881   10.9285  -107.77
 12 1855    0.0493   5.0960   0.6663  41.7538  52.7713   12.4600  -110.02
 12 1856    0.0441   4.4489   0.6068  41.4790  51.7846   13.8766  -112.09
 12 1857    0.0462   3.8895   0.5526  41.1889  50.8831   15.1663  -114.05
 12 1858    0.0539   3.4266   0.5068  40.8898  50.0829   16.3717  -115.84
 12 1859    0.0497   3.0371   0.4687  40.5850  49.3463   17.5145  -117.54
 12 1860    0.0496   2.7241   0.4379  40.2769  48.6943   18.6099  -119.09
 12 1861    0.0465   2.4263   0.4066  39.9587  48.0441   19.6124  -120.68
 12 1862    0.0416   2.1892   0.3823  39.6401  47.4591   20.5862  -122.14
 12 1863    0.0411   1.9970   0.3623  39.3201  46.9264   21.5258  -123.50
 12 1864    0.0403   1.8165   0.3424  38.9957  46.4008   22.4092  -124.87
 12 1865    0.0426   1.6615   0.3247  38.6693  45.9041   23.2539  -126.19
 12 1866    0.0423   1.5414   0.3114  38.3450  45.4461   24.0867  -127.44
 12 1867    0.0404   1.4327   0.2991  38.0201  44.9982   24.8894  -128.68
 12 1868    0.0441   1.3345   0.2870  37.6938  44.5654   25.6578  -129.90
 12 1869    0.0384   1.2550   0.2781  37.3706  44.1480   26.4206  -131.10
 12 1870    0.0372   1.1720   0.2677  37.0452  43.7279   27.1433  -132.33
 12 1871    0.0417   1.1175   0.2606  36.7233  43.3490   27.8646  -133.46
 12 1872    0.0412   1.0766   0.2556  36.4050  42.9844   28.5848  -134.56
 12 1873    0.0444   1.0406   0.2506  36.0882  42.6296   29.2896  -135.65
 12 1874    0.0326   0.9893   0.2445  35.7717  42.2441   29.9724  -136.85
 12 1875    0.0310   0.9358   0.2370  35.4543  41.8640   30.6233  -138.07
 12 1876    0.0289   0.8994   0.2319  35.1405  41.5066   31.2741  -139.22
 12 1877    0.0396   0.8957   0.2303  34.8325  41.2039   31.9393  -140.22
 12 1878    0.0468   0.9119   0.2318  34.5313  40.9276   32.6276  -141.14
 12 1879    0.0448   0.9164   0.2321  34.2330  40.6322   33.3116  -142.13
 12 1880    0.0409   0.9221   0.2327  33.9384  40.3400   33.9973  -143.13
 12 1881    0.0305   0.8999   0.2296  33.6429  40.0088   34.6537  -144.27
 12 1882    0.0422   0.8959   0.2270  33.3498  39.7208   35.3028  -145.29
 12 1883    0.0330   0.8726   0.2237  33.0584  39.3936   35.9409  -146.45
 12 1884    0.0303   0.8618   0.2216  32.7703  39.0899   36.5788  -147.55
 12 1885    0.0346   0.8435   0.2177  32.4822  38.7839   37.1933  -148.68
 12 1886    0.0335   0.8230   0.2141  32.1963  38.4727   37.7999  -149.84
 12 1887    0.0386   0.8231   0.2129  31.9152  38.1958   38.4178  -150.89
 12 1888    0.0331   0.8149   0.2115  31.6368  37.9022   39.0311  -152.02
 12 1889    0.0311   0.7892   0.2071  31.3570  37.5903   39.6131  -153.24
 12 1890    0.0325   0.7859   0.2058  31.0825  37.3126   40.2094  -154.34
 12 1891    0.0301   0.7829   0.2049  30.8111  37.0348   40.8054  -155.46
 12 1892    0.0287   0.7673   0.2020  30.5398  36.7437   41.3808  -156.65
 12 1893    0.0324   0.7583   0.1995  30.2711  36.4672   41.9517  -157.79
 12 1894    0.0329   0.7563   0.1985  30.0061  36.1996   42.5275  -158.91
 12 1895    0.0308   0.7463   0.1964  29.7425  35.9220   43.0922  -160.10
 12 1896    0.0321   0.7330   0.1936  29.4801  35.6447   43.6434  -161.30
 12 1897    0.0285   0.7189   0.1911  29.2200  35.3645   44.1904  -162.53
 12 1898    0.0293   0.6995   0.1875  28.9603  35.0825   44.7189  -163.79
 12 1899    0.0299   0.6906   0.1855  28.7041  34.8159   45.2515  -164.99
 12 1900    0.0124   0.7131   0.1894  28.5188  34.6397   45.7155  -165.84
 12 1901    0.0127   0.7328   0.1911  28.3332  34.4758   46.1665  -166.63
 12 1902    0.0109   0.7425   0.1916  28.1483  34.2991   46.6108  -167.49
 12 1903    0.0112   0.7502   0.1916  27.9646  34.1234   47.0520  -168.35
 12 1904    0.0107   0.7634   0.1926  27.7838  33.9564   47.5024  -169.17
 12 1905    0.0114   0.7733   0.1930  27.6041  33.7877   47.9494  -170.06
 12 1906    0.0133   0.7947   0.1950  27.4283  33.6371   48.4118  -170.86
 12 1907    0.0120   0.8024   0.1953  27.2524  33.4680   48.8635  -171.75
 12 1908    0.0116   0.8148   0.1963  27.0791  33.3076   49.3218  -172.61
 12 1909    0.0097   0.8111   0.1950  26.9047  33.1264   49.7627  -173.56
 12 1910    0.0117   0.8143   0.1945  26.7323  32.9587   50.2065  -174.46
 12 1911    0.0101   0.8072   0.1928  26.5599  32.7758   50.6395  -175.44
 12 1912    0.0099   0.8090   0.1924  26.3900  32.6072   51.0801  -176.35
 12 1913    0.0107   0.8043   0.1909  26.2201  32.4319   51.5096  -177.30
 12 1914    0.0103   0.7967   0.1892  26.0508  32.2529   51.9337  -178.28
 12 1915    0.0120   0.8038   0.1895  25.8852  32.0964   52.3719  -179.21
 12 1916    0.0105   0.8031   0.1890  25.7199  31.9284   52.8035  -180.18
 12 1917    0.0096   0.7883   0.1863  25.5532  31.7434   53.2143  -181.25
 12 1918    0.0107   0.7923   0.1863  25.3905  31.5857   53.6431  -182.18
 12 1919    0.0100   0.7962   0.1864  25.2295  31.4279   54.0732  -183.12
 12 1920    0.0100   0.7928   0.1853  25.0683  31.2623   54.4929  -184.06
 12 1921    0.0110   0.7933   0.1848  24.9088  31.1038   54.9144  -184.98
 12 1922    0.0110   0.7973   0.1848  24.7514  30.9504   55.3403  -185.88
 12 1923    0.0107   0.7968   0.1842  24.5946  30.7922   55.7605  -186.81
 12 1924    0.0108   0.7909   0.1828  24.4377  30.6281   56.1716  -187.79
 12 1925    0.0098   0.7837   0.1813  24.2818  30.4626   56.5792  -188.84
 12 1926    0.0101   0.7729   0.1792  24.1259  30.2940   56.9774  -189.91
 12 1927    0.0103   0.7690   0.1782  23.9721  30.1354   57.3807  -190.94
 12 1928    0.0114   0.7763   0.1787  23.8213  29.9937   57.7956  -191.88
 12 1929    0.0117   0.7795   0.1787  23.6713  29.8471   58.2065  -192.85
 12 1930    0.0096   0.7709   0.1771  23.5206  29.6841   58.6039  -193.81
 12 1931    0.0098   0.7627   0.1754  23.3705  29.5244   58.9962  -194.77
 12 1932    0.0095   0.7613   0.1748  23.2227  29.3742   59.3949  -195.69
 12 1933    0.0101   0.7603   0.1742  23.0758  29.2263   59.7914  -196.60
 12 1934    0.0117   0.7692   0.1749  22.9318  29.0935   60.1985  -197.44
 12 1935    0.0105   0.7668   0.1742  22.7875  28.9448   60.5945  -198.45
 12 1936    0.0103   0.7708   0.1743  22.6453  28.8066   60.9967  -199.41
 12 1937    0.0090   0.7639   0.1729  22.5024  28.6542   61.3857  -200.46
 12 1938    0.0104   0.7617   0.1720  22.3609  28.5108   61.7750  -201.46
 12 1939    0.0092   0.7527   0.1703  22.2194  28.3574   62.1560  -202.53
 12 1940    0.0091   0.7519   0.1698  22.0801  28.2167   62.5437  -203.53
 12 1941    0.0098   0.7462   0.1684  21.9407  28.0710   62.9221  -204.56
 12 1942    0.0094   0.7376   0.1668  21.8017  27.9214   63.2951  -205.64
 12 1943    0.0110   0.7430   0.1671  21.6659  27.7929   63.6814  -206.58
 12 1944    0.0098   0.7424   0.1667  21.5305  27.6553   64.0626  -207.59
 12 1945    0.0089   0.7286   0.1643  21.3936  27.5013   64.4249  -208.82
 12 1946    0.0100   0.7328   0.1645  21.2604  27.3736   64.8045  -209.88
 12 1947    0.0094   0.7368   0.1647  21.1286  27.2455   65.1856  -210.95
 12 1948    0.0094   0.7350   0.1640  20.9968  27.1111   65.5586  -212.05
 12 1949    0.0103   0.7366   0.1637  20.8664  26.9830   65.9335  -213.12
 12 1950    0.0132   0.7417   0.1638  20.7373  26.8620   66.3092  -214.07
 12 1951    0.0112   0.7512   0.1650  20.6111  26.7444   66.6967  -215.00
 12 1952    0.0180   0.7957   0.1704  20.4916  26.6816   67.1229  -215.58
 12 1953    0.0102   0.7990   0.1710  20.3691  26.5552   67.5212  -216.58
 12 1954    0.0177   0.8326   0.1746  20.2513  26.4821   67.9446  -217.19
 12 1955    0.0119   0.8411   0.1757  20.1329  26.3675   68.3568  -217.99
 12 1956    0.0157   0.8714   0.1791  20.0187  26.2908   68.7902  -218.32
 12 1957    0.0115   0.8678   0.1782  19.9012  26.1645   69.1941  -218.80
 12 1958    0.0174   0.8835   0.1793  19.7866  26.0727   69.6112  -218.46
 12 1959    0.0113   0.8746   0.1779  19.6706  25.9402   70.0114  -218.31
 12 1960    0.0166   0.8992   0.1804  19.5599  25.8620   70.4415  -217.68
 12 1961    0.0117   0.8914   0.1791  19.4464  25.7345   70.8449  -217.63
 12 1962    0.0200   0.9343   0.1841  19.3413  25.6856   71.2993  -215.44
 12 1963    0.0101   0.9183   0.1820  19.2299  25.5462   71.7048  -212.14
 12 1964    0.0189   0.9481   0.1850  19.1251  25.4829   72.1478  -206.09
 12 1965    0.0098   0.9181   0.1808  19.0131  25.3277   72.5361  -205.44
 12 1966    0.0198   0.9540   0.1846  18.9109  25.2752   72.9840  -201.48
 12 1967    0.0107   0.9346   0.1821  18.8029  25.1362   73.3864  -201.35
 12 1968    0.0204   0.9631   0.1849  18.7015  25.0759   73.8275  -199.10
 12 1969    0.0108   0.9458   0.1827  18.5960  24.9412   74.2340  -199.63
 12 1970    0.0189   0.9651   0.1844  18.4951  24.8694   74.6662  -198.67
 12 1971    0.0141   0.9701   0.1851  18.3949  24.7702   75.0968  -198.65
 12 1972    0.0248   1.0310   0.1926  18.3042  24.7585   75.5864  -196.52
 12 1973    0.0134   1.0202   0.1914  18.2060  24.6369   76.0190  -197.46
 12 1974    0.0209   1.0564   0.1954  18.1146  24.5931   76.4927  -196.55
 12 1975    0.0128   1.0414   0.1933  18.0177  24.4711   76.9233  -197.63
 12 1976    0.0202   1.0836   0.1982  17.9300  24.4380   77.4105  -196.74
 12 1977    0.0145   1.0815   0.1978  17.8379  24.3376   77.8626  -197.63
 12 1978    0.0254   1.1361   0.2042  17.7549  24.3266   78.3716  -196.71
 12 1979    0.0140   1.1199   0.2022  17.6643  24.2063   78.8235  -198.22
 12 1980    0.0241   1.1668   0.2075  17.5830  24.1873   79.3332  -197.77
 12 1981    0.0128   1.1448   0.2046  17.4939  24.0620   79.7851  -199.49
 12 1982    0.0261   1.2022   0.2112  17.4166  24.0620   80.3117  -198.91
 12 1983    0.0150   1.1917   0.2100  17.3324  23.9550   80.7873  -200.36
 12 1984    0.0233   1.2460   0.2167  17.2584  23.9503   81.3276  -200.05
 12 1985    0.0143   1.2192   0.2128  17.1739  23.8262   81.7911  -201.83
 12 1986    0.0257   1.2537   0.2162  17.0979  23.7995   82.3074  -202.02
 12 1987    0.0154   1.2235   0.2122  17.0143  23.6713   82.7679  -203.88
 12 1988    0.0247   1.2731   0.2182  16.9430  23.6648   83.3067  -203.83
 12 1989    0.0328   1.2473   0.2130  16.8591  23.5581   83.7556  -205.36
 12 1990    0.0012   1.0981   0.1937  16.7569  23.2557   84.0735  -209.90
 12 1991    0.0801   1.4853   0.2435  16.7377  23.7526   84.9545  -202.46
 12 1992    0.0611   1.8570   0.2987  16.7460  24.1687   86.0229  -196.65
 12 1993    0.0097   1.6918   0.2764  16.6697  23.8534   86.5118  -200.95
 12 1994    0.0683   1.9630   0.3089  16.6574  24.2036   87.4353  -196.34
 12 1995    0.0496   2.2003   0.3432  16.6609  24.4599   88.4661  -193.15
 12 1996    0.0189   2.0494   0.3208  16.6000  24.1950   89.0554  -196.55
 12 1997    0.0661   2.3617   0.3605  16.6134  24.6075   90.1507  -191.64
 12 1998    0.0503   2.6134   0.3962  16.6372  24.9030   91.3187  -188.34
 12 1999    0.0971   2.5519   0.3791  16.5999  24.8339   92.0683  -189.27
 12 2000    0.0752   2.7409   0.4074  16.6168  25.0461   93.1873  -187.07
 12 2001    0.0525   2.9843   0.4426  16.6561  25.3415   94.4622  -184.06
 12 2002    0.1922   3.0491   0.4350  16.6452  25.5274   95.3936  -182.32
 12 2003    0.0785   3.2061   0.4675  16.6872  25.6452   96.6879  -181.33
 12 2004    0.0453   3.3866   0.4942  16.7349  25.8669   98.0240  -179.32
 12 2005    0.0185   3.2006   0.4660  16.7173  25.6084   98.9156  -182.08
 12 2006    0.1214   3.6255   0.5172  16.7906  26.2606  100.4281  -175.99
 12 2007    0.0444   3.9528   0.5698  16.8903  26.6632  102.1274  -172.53
 12 2008    0.1725   3.7493   0.5226  16.8697  26.5199  103.0071  -174.03
 12 2009    0.0216   3.4220   0.4878  16.8517  25.9890  103.9036  -179.11
 12 2010    0.0263   3.2229   0.4577  16.8272  25.7401  104.7543  -181.65
 12 2011    0.2337   3.1886   0.4323  16.7980  25.8586  105.5712  -180.74
 12 2012    0.0967   3.5522   0.5017  16.8872  26.2437  107.1980  -177.41
 12 2013    0.0665   3.8984   0.5546  16.9790  26.7043  108.8490  -173.55
 12 2014    0.3158   3.9119   0.5287  16.9801  26.9424  109.8831  -171.69
 12 2015    0.0910   3.9576   0.5573  17.0468  26.8585  111.3668  -172.56
 12 2016    0.0538   4.0219   0.5685  17.1005  26.9507  112.7665  -171.96
 12 2017    0.0920   3.7165   0.5177  17.0733  26.6054  113.6138  -175.03
 12 2018    0.0879   3.8877   0.5439  17.1301  26.8555  115.0350  -173.07
 12 2019    0.0629   4.0834   0.5745  17.2044  27.1311  116.5801  -170.95
 12 2020    0.3201   4.1137   0.5514  17.2131  27.4043  117.6797  -168.86
 12 2021    0.5191   4.5164   0.5907  17.2953  28.1274  119.2834  -163.38
 12 2022    0.0329   4.0546   0.5700  17.3181  27.1814  120.4860  -170.87
 12 2023    0.0043   3.5585   0.4989  17.2633  26.5309  121.1572  -176.34
 12 2024    0.0591   3.4942   0.4860  17.2597  26.5048  122.1759  -176.65
 12 2025    0.0552   3.5378   0.4946  17.2833  26.5768  123.3813  -176.15
 12 2026    0.2610   3.5318   0.4740  17.2688  26.7416  124.3265  -174.85
 12 2027    0.0556   3.4771   0.4885  17.2969  26.5240  125.5632  -176.75
 12 2028    0.0420   3.4391   0.4851  17.3050  26.4770  126.6646  -177.21
 12 2029    0.2834   3.4694   0.4659  17.2886  26.7131  127.5980  -175.32
 12 2030    0.0788   3.5258   0.4964  17.3341  26.6410  128.9553  -175.98
 12 2031    0.0538   3.6188   0.5126  17.3711  26.7622  130.2572  -175.05
 12 2032    0.1689   3.4880   0.4812  17.3477  26.6917  131.1464  -175.68
 12 2033    0.0747   3.5515   0.5010  17.3825  26.7156  132.4340  -175.53
 12 2034    0.0555   3.6302   0.5143  17.4167  26.8225  133.7199  -174.69
 12 2035    0.1803   3.4849   0.4796  17.3896  26.7402  134.5864  -175.40
 12 2036    0.0502   3.3922   0.4799  17.3986  26.5269  135.7000  -177.19
 12 2037    0.0490   3.3685   0.4771  17.4033  26.5037  136.7835  -177.41
 12 2038    0.1480   3.2423   0.4490  17.3719  26.4171  137.6201  -178.14
 12 2039    0.0720   3.2855   0.4647  17.3898  26.4178  138.7929  -178.18
 12 2040    0.0549   3.3829   0.4813  17.4157  26.5407  140.0221  -177.19
 12 2041    0.2413   3.3863   0.4628  17.3982  26.6944  140.9542  -175.95
 12 2042    0.0708   3.4414   0.4889  17.4356  26.6426  142.2631  -176.39
 12 2043    0.0548   3.5258   0.5024  17.4654  26.7543  143.5215  -175.49
 12 2044    0.2834   3.5448   0.4813  17.4509  26.9662  144.4777  -173.79
 12 2045    0.0731   3.5533   0.5041  17.4900  26.8263  145.8006  -174.94
 12 2046    0.0496   3.5999   0.5125  17.5179  26.8858  147.0497  -174.48
 12 2047    0.1338   3.3907   0.4722  17.4820  26.6847  147.8627  -176.11
 12 2048    0.0881   3.5188   0.4968  17.5180  26.8276  149.1658  -174.97
 12 2049    0.0601   3.6863   0.5239  17.5684  27.0446  150.5709  -173.25
 12 2050    0.2881   3.6746   0.4979  17.5541  27.2205  151.5345  -171.88
 12 2051    0.0735   3.6650   0.5184  17.5947  27.0575  152.8745  -173.15
 12 2052    0.0602   3.7235   0.5277  17.6272  27.1444  154.1611  -172.47
 12 2053    0.2362   3.6422   0.4970  17.6074  27.1887  155.0910  -172.12
 12 2054    0.0508   3.5136   0.4972  17.6205  26.8880  156.2452  -174.49
 12 2055    0.0514   3.4969   0.4949  17.6299  26.8791  157.3750  -174.55
 12 2056    0.1740   3.3834   0.4660  17.6021  26.8314  158.2501  -174.92
 12 2057    0.0702   3.4669   0.4901  17.6361  26.8692  159.5476  -174.61
 12 2058    0.0580   3.5582   0.5050  17.6662  26.9933  160.8204  -173.62
 12 2059    0.1864   3.4452   0.4749  17.6396  26.9520  161.7056  -173.93
 12 2060    0.0702   3.4601   0.4898  17.6637  26.8896  162.9370  -174.44
 12 2061    0.0564   3.5241   0.5006  17.6882  26.9751  164.1733  -173.77
 12 2062    0.2003   3.4101   0.4689  17.6578  26.9430  165.0341  -174.03
 12 2063    0.0754   3.4777   0.4925  17.6912  26.9428  166.3306  -174.03
 12 2064    0.0552   3.5771   0.5090  17.7243  27.0715  167.6272  -173.02
 12 2065    0.1955   3.4675   0.4780  17.6969  27.0438  168.5110  -173.24
 12 2066    0.0648   3.4642   0.4915  17.7197  26.9460  169.7367  -174.01
 12 2067    0.0559   3.5276   0.5016  17.7431  27.0341  170.9689  -173.31
 12 2068    0.2060   3.4346   0.4723  17.7156  27.0344  171.8523  -173.30
 12 2069    0.0819   3.5021   0.4958  17.7491  27.0347  173.1533  -173.29
 12 2070    0.0631   3.6276   0.5159  17.7871  27.1996  174.4868  -172.00
 12 2071    0.1522   3.4567   0.4807  17.7567  27.0523  175.3539  -173.15
 12 2072    0.0679   3.4551   0.4897  17.7737  26.9923  176.5439  -173.61
 12 2073    0.0484   3.4704   0.4939  17.7885  27.0072  177.7200  -173.49
 12 2074    0.1571   3.2906   0.4562  17.7473  26.8572  178.5125  -174.67
 12 2075    0.0561   3.2162   0.4568  17.7450  26.6800  179.5693  -176.08
 12 2076    0.0490   3.2235   0.4595  17.7464  26.6842  180.6520  -176.03
 12 2077    0.2019   3.1522   0.4340  17.7101  26.7041  181.4757  -175.86
 12 2078    0.0865   3.2894   0.4676  17.7441  26.7936  182.7799  -175.14
 12 2079    0.0548   3.4249   0.4906  17.7772  26.9534  184.0796  -173.86
 12 2080    0.1837   3.2979   0.4580  17.7418  26.8872  184.9110  -174.37
 12 2081    0.0409   3.1327   0.4485  17.7280  26.5560  185.8894  -177.03
 12 2082    0.0461   3.0379   0.4347  17.7043  26.4289  186.7983  -178.05
 12 2083    0.1662   2.9127   0.4049  17.6545  26.3442  187.5271  -178.74
 12 2084    0.0658   2.9359   0.4205  17.6554  26.2835  188.6004  -179.23
 12 2085    0.0521   3.0208   0.4352  17.6616  26.3756  189.7102  -178.46
 12 2086    0.1876   2.9727   0.4146  17.6240  26.4048  190.5201  -178.21
 12 2087    0.0841   3.1101   0.4465  17.6498  26.4964  191.7625  -177.45
 12 2088    0.0512   3.2453   0.4691  17.6764  26.6480  193.0124  -176.21
 12 2089    0.1758   3.1377   0.4395  17.6385  26.5974  193.8205  -176.61
 12 2090    0.0677   3.1428   0.4515  17.6470  26.5149  194.9450  -177.27
 12 2091    0.0463   3.1607   0.4559  17.6504  26.5192  196.0354  -177.22
 12 2092    0.0783   2.9531   0.4216  17.6024  26.2613  196.7734  -179.34
 12 2093    0.0793   3.0441   0.4359  17.6074  26.3725  197.8712  -178.40
 12 2094    0.0372   3.0815   0.4456  17.6136  26.3838  198.9791  -178.30
 12 2095    0.1176   2.8891   0.4088  17.5592  26.1807  199.6707  -179.98
 12 2096    0.0637   2.8795   0.4142  17.5483  26.1115  200.6568  -180.55
 12 2097    0.0491   2.9301   0.4237  17.5464  26.1553  201.7053  -180.17
 12 2098    0.1834   2.8740   0.4020  17.5047  26.1699  202.4793  -180.03
 12 2099    0.0373   2.7660   0.4017  17.4862  25.8971  203.4113  -182.33
