MON   YR       DPM      RPM      BIO      HUM    TOTAL       CO2     D14C
 12 1850    0.0020  10.2122   1.0544  42.7858  59.2602    2.7566   -98.08
 12 1851    0.1384   8.9954   0.9760  42.6378  57.9536    5.1253  -100.27
 12 1852    0.0381   7.6857   0.8817  42.4414  56.2528    7.1502  -103.28
 12 1853    0.0311   6.5741   0.7882  42.2064  54.8058    8.8948  -105.99
 12 1854    0.0426   5.6531   0.7069  41.9497  53.5581   10.4718  -108.43
 12 1855    0.0349   4.8641   0.6359  41.6751  52.4158   11.9060  -110.77
 12 1856    0.0309   4.2044   0.5748  41.3864  51.4024   13.2210  -112.92
 12 1857    0.0331   3.6412   0.5205  41.0836  50.4843   14.4169  -114.95
 12 1858    0.0382   3.1717   0.4742  40.7717  49.6617   15.5261  -116.82
 12 1859    0.0357   2.7778   0.4355  40.4537  48.9087   16.5690  -118.59
 12 1860    0.0350   2.4552   0.4035  40.1316  48.2313   17.5582  -120.23
 12 1861    0.0327   2.1595   0.3727  39.8012  47.5719   18.4647  -121.87
 12 1862    0.0300   1.9226   0.3483  39.4699  46.9766   19.3391  -123.38
 12 1863    0.0294   1.7278   0.3279  39.1372  46.4281   20.1776  -124.81
 12 1864    0.0288   1.5502   0.3085  38.8009  45.8942   20.9655  -126.23
 12 1865    0.0307   1.3997   0.2915  38.4634  45.3912   21.7184  -127.60
 12 1866    0.0305   1.2804   0.2783  38.1276  44.9227   22.4559  -128.90
 12 1867    0.0290   1.1738   0.2662  37.7914  44.4664   23.1649  -130.19
 12 1868    0.0314   1.0788   0.2547  37.4547  44.0255   23.8433  -131.47
 12 1869    0.0274   1.0010   0.2458  37.1206  43.6006   24.5123  -132.72
 12 1870    0.0261   0.9229   0.2361  36.7853  43.1763   25.1475  -133.99
 12 1871    0.0296   0.8693   0.2291  36.4533  42.7871   25.7784  -135.18
 12 1872    0.0298   0.8294   0.2241  36.1248  42.4140   26.4073  -136.33
 12 1873    0.0321   0.7944   0.2193  35.7981  42.0497   27.0224  -137.48
 12 1874    0.0230   0.7484   0.2137  35.4723  41.6632   27.6181  -138.72
 12 1875    0.0220   0.7024   0.2071  35.1465  41.2839   28.1880  -139.96
 12 1876    0.0204   0.6695   0.2024  34.8241  40.9223   28.7553  -141.16
 12 1877    0.0283   0.6622   0.2004  34.5068  40.6036   29.3321  -142.24
 12 1878    0.0338   0.6708   0.2008  34.1954  40.3068   29.9247  -143.25
 12 1879    0.0325   0.6717   0.2006  33.8871  39.9978   30.5133  -144.33
 12 1880    0.0296   0.6736   0.2005  33.5823  39.6918   31.1016  -145.40
 12 1881    0.0215   0.6536   0.1975  33.2774  39.3559   31.6652  -146.60
 12 1882    0.0305   0.6491   0.1951  32.9752  39.0558   32.2235  -147.69
 12 1883    0.0232   0.6292   0.1921  32.6750  38.7253   32.7713  -148.91
 12 1884    0.0215   0.6191   0.1900  32.3780  38.4144   33.3173  -150.07
 12 1885    0.0251   0.6056   0.1868  32.0820  38.1054   33.8470  -151.25
 12 1886    0.0235   0.5885   0.1837  31.7882  37.7899   34.3685  -152.47
 12 1887    0.0280   0.5887   0.1825  31.4991  37.5041   34.8982  -153.59
 12 1888    0.0235   0.5814   0.1811  31.2125  37.2043   35.4228  -154.78
 12 1889    0.0220   0.5617   0.1775  30.9257  36.8927   35.9235  -156.04
 12 1890    0.0238   0.5605   0.1764  30.6439  36.6105   36.4356  -157.20
 12 1891    0.0216   0.5578   0.1754  30.3651  36.3258   36.9457  -158.39
 12 1892    0.0206   0.5461   0.1730  30.0871  36.0327   37.4399  -159.63
 12 1893    0.0236   0.5409   0.1711  29.8120  35.7534   37.9316  -160.83
 12 1894    0.0239   0.5403   0.1702  29.5405  35.4807   38.4263  -162.02
 12 1895    0.0222   0.5329   0.1684  29.2707  35.2001   38.9113  -163.26
 12 1896    0.0230   0.5233   0.1661  29.0025  34.9208   39.3858  -164.52
 12 1897    0.0203   0.5119   0.1639  28.7366  34.6386   39.8551  -165.81
 12 1898    0.0206   0.4968   0.1608  28.4717  34.3558   40.3098  -167.12
 12 1899    0.0212   0.4898   0.1590  28.2102  34.0862   40.7670  -168.39
 12 1900    0.0090   0.5071   0.1617  28.0186  33.9024   41.1583  -169.30
 12 1901    0.0092   0.5217   0.1627  27.8273  33.7268   41.5395  -170.18
 12 1902    0.0078   0.5282   0.1627  27.6367  33.5413   41.9144  -171.11
 12 1903    0.0080   0.5331   0.1624  27.4474  33.3568   42.2863  -172.04
 12 1904    0.0077   0.5422   0.1628  27.2606  33.1793   42.6644  -172.96
 12 1905    0.0082   0.5495   0.1629  27.0752  33.0017   43.0403  -173.91
 12 1906    0.0096   0.5654   0.1643  26.8930  32.8382   43.4273  -174.80
 12 1907    0.0087   0.5716   0.1644  26.7113  32.6618   43.8065  -175.75
 12 1908    0.0084   0.5809   0.1649  26.5318  32.4918   44.1899  -176.68
 12 1909    0.0069   0.5775   0.1637  26.3518  32.3058   44.5591  -177.70
 12 1910    0.0084   0.5797   0.1631  26.1737  32.1308   44.9304  -178.67
 12 1911    0.0072   0.5740   0.1616  25.9959  31.9446   45.2929  -179.70
 12 1912    0.0070   0.5748   0.1611  25.8204  31.7691   45.6603  -180.69
 12 1913    0.0078   0.5719   0.1599  25.6453  31.5908   46.0205  -181.70
 12 1914    0.0073   0.5655   0.1584  25.4710  31.4081   46.3750  -182.74
 12 1915    0.0087   0.5712   0.1585  25.2998  31.2441   46.7405  -183.73
 12 1916    0.0074   0.5698   0.1578  25.1292  31.0701   47.0993  -184.78
 12 1917    0.0068   0.5588   0.1556  24.9579  30.8850   47.4432  -185.88
 12 1918    0.0078   0.5628   0.1556  24.7901  30.7222   47.8012  -186.88
 12 1919    0.0072   0.5653   0.1555  24.6238  30.5577   48.1587  -187.89
 12 1920    0.0072   0.5628   0.1545  24.4577  30.3881   48.5083  -188.91
 12 1921    0.0080   0.5643   0.1541  24.2935  30.2258   48.8602  -189.90
 12 1922    0.0080   0.5679   0.1541  24.1311  30.0670   49.2149  -190.88
 12 1923    0.0077   0.5677   0.1535  23.9694  29.9043   49.5645  -191.89
 12 1924    0.0078   0.5635   0.1523  23.8081  29.7376   49.9072  -192.93
 12 1925    0.0069   0.5570   0.1509  23.6476  29.5684   50.2453  -194.05
 12 1926    0.0071   0.5485   0.1491  23.4875  29.3981   50.5763  -195.18
 12 1927    0.0073   0.5452   0.1482  23.3293  29.2359   50.9110  -196.26
 12 1928    0.0083   0.5516   0.1485  23.1739  29.0882   51.2554  -197.28
 12 1929    0.0084   0.5544   0.1484  23.0194  28.9365   51.5962  -198.32
 12 1930    0.0069   0.5481   0.1471  22.8646  28.7727   51.9263  -199.36
 12 1931    0.0070   0.5419   0.1457  22.7107  28.6112   52.2522  -200.41
 12 1932    0.0068   0.5409   0.1451  22.5587  28.4573   52.5824  -201.42
 12 1933    0.0072   0.5403   0.1445  22.4078  28.3057   52.9111  -202.44
 12 1934    0.0084   0.5473   0.1449  22.2594  28.1660   53.2476  -203.38
 12 1935    0.0076   0.5461   0.1443  22.1111  28.0150   53.5758  -204.47
 12 1936    0.0074   0.5494   0.1443  21.9647  27.8718   53.9082  -205.51
 12 1937    0.0064   0.5440   0.1431  21.8180  27.7174   54.2298  -206.63
 12 1938    0.0074   0.5421   0.1423  21.6726  27.5703   54.5513  -207.71
 12 1939    0.0066   0.5352   0.1408  21.5275  27.4161   54.8663  -208.85
 12 1940    0.0065   0.5342   0.1403  21.3843  27.2712   55.1855  -209.94
 12 1941    0.0071   0.5307   0.1392  21.2416  27.1245   55.4988  -211.04
 12 1942    0.0066   0.5238   0.1378  21.0992  26.9734   55.8067  -212.19
 12 1943    0.0080   0.5282   0.1379  20.9597  26.8397   56.1249  -213.23
 12 1944    0.0069   0.5269   0.1374  20.8206  26.6978   56.4378  -214.33
 12 1945    0.0063   0.5167   0.1355  20.6807  26.5452   56.7371  -215.60
 12 1946    0.0073   0.5207   0.1356  20.5441  26.4136   57.0499  -216.73
 12 1947    0.0068   0.5234   0.1356  20.4086  26.2802   57.3624  -217.87
 12 1948    0.0067   0.5220   0.1350  20.2734  26.1430   57.6688  -219.04
 12 1949    0.0075   0.5241   0.1348  20.1398  26.0121   57.9777  -220.17
 12 1950    0.0095   0.5284   0.1348  20.0074  25.8860   58.2868  -221.22
 12 1951    0.0081   0.5355   0.1355  19.8773  25.7623   58.6036  -222.26
 12 1952    0.0128   0.5672   0.1392  19.7522  25.6774   58.9474  -223.03
 12 1953    0.0073   0.5699   0.1396  19.6254  25.5481   59.2714  -224.13
 12 1954    0.0126   0.5934   0.1419  19.5021  25.4559   59.6122  -224.93
 12 1955    0.0086   0.5997   0.1426  19.3788  25.3356   59.9453  -225.87
 12 1956    0.0110   0.6200   0.1447  19.2585  25.2402   60.2916  -226.49
 12 1957    0.0083   0.6179   0.1440  19.1364  25.1125   60.6180  -227.19
 12 1958    0.0122   0.6275   0.1444  19.0164  25.0064   60.9515  -227.33
 12 1959    0.0081   0.6216   0.1433  18.8959  24.8748   61.2743  -227.57
 12 1960    0.0116   0.6375   0.1448  18.7792  24.7791   61.6161  -227.49
 12 1961    0.0084   0.6327   0.1438  18.6610  24.6518   61.9406  -227.80
 12 1962    0.0143   0.6640   0.1474  18.5492  24.5809   62.3018  -226.49
 12 1963    0.0073   0.6531   0.1458  18.4333  24.4454   62.6276  -224.38
 12 1964    0.0132   0.6730   0.1477  18.3219  24.3617   62.9779  -220.32
 12 1965    0.0070   0.6523   0.1446  18.2060  24.2159   63.2907  -220.17
 12 1966    0.0142   0.6787   0.1474  18.0974  24.1436   63.6462  -217.52
 12 1967    0.0077   0.6654   0.1455  17.9850  24.0095   63.9690  -217.76
 12 1968    0.0145   0.6854   0.1474  17.8774  23.9305   64.3181  -216.44
 12 1969    0.0078   0.6734   0.1457  17.7672  23.8001   64.6431  -217.19
 12 1970    0.0132   0.6853   0.1465  17.6603  23.7113   64.9836  -216.90
 12 1971    0.0101   0.6895   0.1470  17.5544  23.6070   65.3249  -217.21
 12 1972    0.0177   0.7336   0.1523  17.4557  23.5651   65.7084  -215.89
 12 1973    0.0097   0.7263   0.1514  17.3518  23.4451   66.0509  -216.94
 12 1974    0.0148   0.7512   0.1540  17.2528  23.3787   66.4211  -216.62
 12 1975    0.0092   0.7409   0.1524  17.1504  23.2589   66.7614  -217.78
 12 1976    0.0143   0.7699   0.1557  17.0545  23.2003   67.1402  -217.47
 12 1977    0.0105   0.7692   0.1554  16.9560  23.0969   67.4955  -218.47
 12 1978    0.0181   0.8082   0.1599  16.8642  23.0563   67.8907  -218.07
 12 1979    0.0101   0.7971   0.1584  16.7673  22.9388   68.2453  -219.56
 12 1980    0.0171   0.8305   0.1621  16.6771  22.8927   68.6405  -219.53
 12 1981    0.0091   0.8153   0.1600  16.5818  22.7721   68.9948  -221.18
 12 1982    0.0185   0.8553   0.1644  16.4949  22.7391   69.4007  -221.06
 12 1983    0.0107   0.8483   0.1635  16.4035  22.6320   69.7712  -222.50
 12 1984    0.0164   0.8859   0.1680  16.3195  22.5956   70.1859  -222.59
 12 1985    0.0103   0.8674   0.1652  16.2283  22.4772   70.5472  -224.29
 12 1986    0.0181   0.8902   0.1673  16.1431  22.4246   70.9435  -224.79
 12 1987    0.0110   0.8693   0.1644  16.0531  22.3037   71.3018  -226.56
 12 1988    0.0174   0.9026   0.1683  15.9716  22.2658   71.7130  -226.87
 12 1989    0.0109   0.8824   0.1654  15.8834  22.1480   72.0738  -228.60
 12 1990    0.0267   0.9592   0.1749  15.8107  22.1775   72.5350  -227.80
 12 1991    0.0083   0.9015   0.1675  15.7204  22.0036   72.8710  -230.47
 12 1992    0.0342   1.0455   0.1859  15.6614  22.1328   73.4166  -228.12
 12 1993    0.0076   0.9785   0.1776  15.5751  21.9447   73.7714  -230.96
 12 1994    0.0284   1.0431   0.1846  15.5059  21.9679   74.2383  -230.42
 12 1995    0.0094   1.0776   0.1907  15.4403  21.9239   74.7260  -230.96
 12 1996    0.0110   1.0226   0.1815  15.3560  21.7771   75.0811  -233.11
 12 1997    0.0321   1.1322   0.1953  15.2990  21.8645   75.6181  -231.64
 12 1998    0.0123   1.2181   0.2089  15.2492  21.8944   76.2017  -231.09
 12 1999    0.0115   1.1787   0.2020  15.1758  21.7740   76.6198  -232.79
 12 2000    0.0251   1.2121   0.2049  15.1130  21.7610   77.1064  -232.89
 12 2001    0.0090   1.2327   0.2086  15.0548  21.7110   77.6207  -233.55
 12 2002    0.0290   1.2752   0.2122  14.9960  21.7184   78.1275  -233.38
 12 2003    0.0280   1.3104   0.2168  14.9407  21.7018   78.6543  -233.56
 12 2004    0.0093   1.3207   0.2192  14.8862  21.6414   79.1840  -234.36
 12 2005    0.0083   1.2308   0.2053  14.8101  21.4604   79.5619  -236.90
 12 2006    0.0292   1.2709   0.2090  14.7526  21.4676   80.0625  -236.74
 12 2007    0.0099   1.2946   0.2139  14.7005  21.4248   80.5968  -237.30
 12 2008    0.0095   1.2210   0.2026  14.6278  21.2668   80.9866  -239.51
 12 2009    0.0266   1.2637   0.2072  14.5723  21.2758   81.4904  -239.32
 12 2010    0.0106   1.2927   0.2127  14.5218  21.2438   82.0254  -239.73
 12 2011    0.0122   1.2401   0.2044  14.4542  21.1168   82.4390  -241.48
 12 2012    0.0300   1.3259   0.2153  14.4092  21.1862   83.0038  -240.44
 12 2013    0.0151   1.3935   0.2262  14.3698  21.2104   83.6048  -240.05
 12 2014    0.0240   1.4440   0.2320  14.3265  21.2324   84.1768  -239.68
 12 2015    0.0414   1.5033   0.2383  14.2856  21.2745   84.7622  -239.04
 12 2016    0.0104   1.5170   0.2423  14.2467  21.2222   85.3587  -239.71
 12 2017    0.0073   1.3955   0.2238  14.1779  21.0105   85.7485  -242.59
 12 2018    0.0355   1.4663   0.2313  14.1371  21.0762   86.3253  -241.62
 12 2019    0.0132   1.5134   0.2400  14.1030  21.0754   86.9462  -241.58
 12 2020    0.0257   1.5182   0.2389  14.0572  21.0459   87.4844  -241.92
 12 2021    0.3528   1.9689   0.2720  14.0537  21.8533   88.3092  -231.10
 12 2022    0.0042   1.7241   0.2694  14.0213  21.2250   88.9375  -239.32
 12 2023    0.0003   1.5121   0.2373  13.9458  20.9014   89.2672  -243.69
 12 2024    0.0316   1.5228   0.2359  13.8998  20.8959   89.7940  -243.70
 12 2025    0.0106   1.5224   0.2379  13.8603  20.8372   90.3641  -244.45
 12 2026    0.0184   1.4897   0.2323  13.8103  20.7567   90.8589  -245.50
 12 2027    0.0362   1.5252   0.2360  13.7705  20.7738   91.4203  -245.19
 12 2028    0.0118   1.5449   0.2411  13.7366  20.7404   92.0202  -245.58
 12 2029    0.0179   1.5059   0.2346  13.6875  20.6517   92.5137  -246.76
 12 2030    0.0362   1.5335   0.2369  13.6477  20.6603   93.0684  -246.55
 12 2031    0.0113   1.5433   0.2406  13.6132  20.6143   93.6566  -247.13
 12 2032    0.0144   1.4684   0.2290  13.5585  20.4762   94.1041  -249.01
 12 2033    0.0358   1.5034   0.2323  13.5191  20.4965   94.6535  -248.64
 12 2034    0.0117   1.5248   0.2377  13.4864  20.4666   95.2469  -248.97
 12 2035    0.0132   1.4447   0.2255  13.4311  20.3205   95.6825  -250.99
 12 2036    0.0385   1.5018   0.2318  13.3955  20.3734   96.2499  -250.14
 12 2037    0.0131   1.5398   0.2397  13.3671  20.3655   96.8650  -250.17
 12 2038    0.0122   1.4498   0.2261  13.3117  20.2057   97.2932  -252.39
 12 2039    0.0375   1.4911   0.2299  13.2742  20.2387   97.8404  -251.83
 12 2040    0.0125   1.5149   0.2358  13.2434  20.2124   98.4316  -252.12
 12 2041    0.0171   1.4718   0.2287  13.1962  20.1198   98.9085  -253.38
 12 2042    0.0335   1.4986   0.2311  13.1590  20.1281   99.4505  -253.17
 12 2043    0.0117   1.5124   0.2351  13.1270  20.0922  100.0272  -253.60
 12 2044    0.0190   1.4740   0.2285  13.0812  20.0085  100.5059  -254.74
 12 2045    0.0333   1.4863   0.2289  13.0423  19.9967  101.0298  -254.83
 12 2046    0.0104   1.4873   0.2312  13.0084  19.9432  101.5863  -255.53
 12 2047    0.0099   1.3889   0.2166  12.9520  19.7732  101.9853  -257.98
 12 2048    0.0404   1.4531   0.2234  12.9184  19.8412  102.5376  -256.87
 12 2049    0.0118   1.4934   0.2321  12.8926  19.8357  103.1416  -256.86
 12 2050    0.0182   1.4549   0.2255  12.8478  19.7524  103.6141  -258.02
 12 2051    0.0353   1.4797   0.2275  12.8120  19.7604  104.1445  -257.80
 12 2052    0.0109   1.4892   0.2311  12.7814  19.7185  104.7097  -258.34
 12 2053    0.0150   1.4258   0.2211  12.7329  19.6006  105.1495  -260.04
 12 2054    0.0266   1.4192   0.2191  12.6916  19.5624  105.6358  -260.53
 12 2055    0.0090   1.4061   0.2189  12.6542  19.4941  106.1465  -261.48
 12 2056    0.0143   1.3592   0.2115  12.6062  19.3971  106.5824  -262.89
 12 2057    0.0331   1.3957   0.2154  12.5703  19.4204  107.0978  -262.43
 12 2058    0.0111   1.4182   0.2209  12.5403  19.3963  107.6522  -262.70
 12 2059    0.0141   1.3577   0.2115  12.4913  19.2806  108.0742  -264.42
 12 2060    0.0349   1.3909   0.2146  12.4553  19.3016  108.5822  -264.00
 12 2061    0.0098   1.4048   0.2190  12.4248  19.2643  109.1262  -264.50
 12 2062    0.0149   1.3462   0.2096  12.3762  19.1528  109.5439  -266.18
 12 2063    0.0327   1.3779   0.2128  12.3408  19.1701  110.0485  -265.81
 12 2064    0.0100   1.3944   0.2173  12.3108  19.1384  110.5892  -266.23
 12 2065    0.0144   1.3341   0.2078  12.2624  19.0246  111.0016  -267.96
 12 2066    0.0350   1.3898   0.2142  12.2316  19.0765  111.5313  -267.04
 12 2067    0.0117   1.4242   0.2213  12.2065  19.0696  112.0987  -267.06
 12 2068    0.0149   1.3674   0.2123  12.1611  18.9616  112.5247  -268.71
 12 2069    0.0397   1.4225   0.2181  12.1316  19.0177  113.0576  -267.71
 12 2070    0.0121   1.4562   0.2254  12.1090  19.0087  113.6360  -267.76
 12 2071    0.0128   1.3838   0.2142  12.0630  18.8797  114.0523  -269.77
 12 2072    0.0396   1.4344   0.2191  12.0339  18.9329  114.5816  -268.81
 12 2073    0.0116   1.4650   0.2261  12.0120  18.9206  115.1595  -268.92
 12 2074    0.0105   1.3684   0.2115  11.9627  18.7591  115.5472  -271.48
 12 2075    0.0357   1.4039   0.2145  11.9311  18.7910  116.0535  -270.86
 12 2076    0.0106   1.4204   0.2192  11.9056  18.7618  116.6001  -271.25
 12 2077    0.0159   1.3667   0.2106  11.8626  18.6616  117.0245  -272.82
 12 2078    0.0377   1.4072   0.2146  11.8329  18.6984  117.5380  -272.12
 12 2079    0.0108   1.4298   0.2204  11.8097  18.6767  118.0945  -272.39
 12 2080    0.0133   1.3584   0.2094  11.7649  18.5519  118.5007  -274.39
 12 2081    0.0226   1.3082   0.2012  11.7201  18.4580  118.9048  -275.89
 12 2082    0.0060   1.2543   0.1951  11.6772  18.3385  119.3187  -277.85
 12 2083    0.0107   1.1853   0.1849  11.6261  18.2129  119.6743  -279.94
 12 2084    0.0383   1.2535   0.1930  11.5953  18.2860  120.1653  -278.58
 12 2085    0.0113   1.2981   0.2024  11.5716  18.2893  120.7042  -278.43
 12 2086    0.0150   1.2576   0.1959  11.5288  18.2031  121.1098  -279.84
 12 2087    0.0414   1.3323   0.2045  11.5030  18.2871  121.6298  -278.29
 12 2088    0.0113   1.3843   0.2148  11.4855  18.3018  122.2054  -277.94
 12 2089    0.0133   1.3200   0.2045  11.4427  18.1864  122.6057  -279.86
 12 2090    0.0392   1.3638   0.2084  11.4145  18.2317  123.1042  -278.98
 12 2091    0.0101   1.3854   0.2141  11.3929  18.2084  123.6460  -279.30
 12 2092    0.0111   1.2990   0.2008  11.3467  18.0635  124.0175  -281.77
 12 2093    0.0419   1.3459   0.2048  11.3183  18.1168  124.5083  -280.73
 12 2094    0.0099   1.3701   0.2114  11.2975  18.0947  125.0502  -281.04
 12 2095    0.0077   1.2664   0.1959  11.2484  17.9244  125.3968  -283.99
 12 2096    0.0401   1.3189   0.2008  11.2203  17.9861  125.8837  -282.79
 12 2097    0.0103   1.3483   0.2080  11.1998  17.9723  126.4216  -282.96
 12 2098    0.0136   1.2935   0.1994  11.1593  17.8717  126.8207  -284.68
 12 2099    0.0308   1.3156   0.2011  11.1292  17.8826  127.2883  -284.40
