MON   YR       DPM      RPM      BIO      HUM    TOTAL       CO2     D14C
 12 1850    0.0020  10.2122   1.0544  42.7858  59.2602    2.7566   -98.08
 12 1851    0.1914   9.1536   0.9942  42.6604  58.2055    5.2800   -99.84
 12 1852    0.0531   7.8684   0.9067  42.4809  56.5150    7.4228  -102.80
 12 1853    0.0438   6.7746   0.8153  42.2587  55.0983    9.2583  -105.43
 12 1854    0.0591   5.8724   0.7357  42.0150  53.8881   10.9285  -107.77
 12 1855    0.0493   5.0960   0.6663  41.7538  52.7713   12.4600  -110.02
 12 1856    0.0441   4.4489   0.6068  41.4790  51.7846   13.8766  -112.09
 12 1857    0.0462   3.8895   0.5526  41.1889  50.8831   15.1663  -114.05
 12 1858    0.0539   3.4266   0.5068  40.8898  50.0829   16.3717  -115.84
 12 1859    0.0497   3.0371   0.4687  40.5850  49.3463   17.5145  -117.54
 12 1860    0.0496   2.7241   0.4379  40.2769  48.6943   18.6099  -119.09
 12 1861    0.0465   2.4263   0.4066  39.9587  48.0441   19.6124  -120.68
 12 1862    0.0416   2.1892   0.3823  39.6401  47.4591   20.5862  -122.14
 12 1863    0.0411   1.9970   0.3623  39.3201  46.9264   21.5258  -123.50
 12 1864    0.0403   1.8165   0.3424  38.9957  46.4008   22.4092  -124.87
 12 1865    0.0426   1.6615   0.3247  38.6693  45.9041   23.2539  -126.19
 12 1866    0.0423   1.5414   0.3114  38.3450  45.4461   24.0867  -127.44
 12 1867    0.0404   1.4327   0.2991  38.0201  44.9982   24.8894  -128.68
 12 1868    0.0441   1.3345   0.2870  37.6938  44.5654   25.6578  -129.90
 12 1869    0.0384   1.2550   0.2781  37.3706  44.1480   26.4206  -131.10
 12 1870    0.0372   1.1720   0.2677  37.0452  43.7279   27.1433  -132.33
 12 1871    0.0417   1.1175   0.2606  36.7233  43.3490   27.8646  -133.46
 12 1872    0.0412   1.0766   0.2556  36.4050  42.9844   28.5848  -134.56
 12 1873    0.0444   1.0406   0.2506  36.0882  42.6296   29.2896  -135.65
 12 1874    0.0326   0.9893   0.2445  35.7717  42.2441   29.9724  -136.85
 12 1875    0.0310   0.9358   0.2370  35.4543  41.8640   30.6233  -138.07
 12 1876    0.0289   0.8994   0.2319  35.1405  41.5066   31.2741  -139.22
 12 1877    0.0396   0.8957   0.2303  34.8325  41.2039   31.9393  -140.22
 12 1878    0.0468   0.9119   0.2318  34.5313  40.9276   32.6276  -141.14
 12 1879    0.0448   0.9164   0.2321  34.2330  40.6322   33.3116  -142.13
 12 1880    0.0409   0.9221   0.2327  33.9384  40.3400   33.9973  -143.13
 12 1881    0.0305   0.8999   0.2296  33.6429  40.0088   34.6537  -144.27
 12 1882    0.0422   0.8959   0.2270  33.3498  39.7208   35.3028  -145.29
 12 1883    0.0330   0.8726   0.2237  33.0584  39.3936   35.9409  -146.45
 12 1884    0.0303   0.8618   0.2216  32.7703  39.0899   36.5788  -147.55
 12 1885    0.0346   0.8435   0.2177  32.4822  38.7839   37.1933  -148.68
 12 1886    0.0335   0.8230   0.2141  32.1963  38.4727   37.7999  -149.84
 12 1887    0.0386   0.8231   0.2129  31.9152  38.1958   38.4178  -150.89
 12 1888    0.0331   0.8149   0.2115  31.6368  37.9022   39.0311  -152.02
 12 1889    0.0311   0.7892   0.2071  31.3570  37.5903   39.6131  -153.24
 12 1890    0.0325   0.7859   0.2058  31.0825  37.3126   40.2094  -154.34
 12 1891    0.0301   0.7829   0.2049  30.8111  37.0348   40.8054  -155.46
 12 1892    0.0287   0.7673   0.2020  30.5398  36.7437   41.3808  -156.65
 12 1893    0.0324   0.7583   0.1995  30.2711  36.4672   41.9517  -157.79
 12 1894    0.0329   0.7563   0.1985  30.0061  36.1996   42.5275  -158.91
 12 1895    0.0308   0.7463   0.1964  29.7425  35.9220   43.0922  -160.10
 12 1896    0.0321   0.7330   0.1936  29.4801  35.6447   43.6434  -161.30
 12 1897    0.0285   0.7189   0.1911  29.2200  35.3645   44.1904  -162.53
 12 1898    0.0293   0.6995   0.1875  28.9603  35.0825   44.7189  -163.79
 12 1899    0.0299   0.6906   0.1855  28.7041  34.8159   45.2515  -164.99
 12 1900    0.0124   0.7131   0.1894  28.5188  34.6397   45.7155  -165.84
 12 1901    0.0127   0.7328   0.1911  28.3332  34.4758   46.1665  -166.63
 12 1902    0.0109   0.7425   0.1916  28.1483  34.2991   46.6108  -167.49
 12 1903    0.0112   0.7502   0.1916  27.9646  34.1234   47.0520  -168.35
 12 1904    0.0107   0.7634   0.1926  27.7838  33.9564   47.5024  -169.17
 12 1905    0.0114   0.7733   0.1930  27.6041  33.7877   47.9494  -170.06
 12 1906    0.0133   0.7947   0.1950  27.4283  33.6371   48.4118  -170.86
 12 1907    0.0120   0.8024   0.1953  27.2524  33.4680   48.8635  -171.75
 12 1908    0.0116   0.8148   0.1963  27.0791  33.3076   49.3218  -172.61
 12 1909    0.0097   0.8111   0.1950  26.9047  33.1264   49.7627  -173.56
 12 1910    0.0117   0.8143   0.1945  26.7323  32.9587   50.2065  -174.46
 12 1911    0.0101   0.8072   0.1928  26.5599  32.7758   50.6395  -175.44
 12 1912    0.0099   0.8090   0.1924  26.3900  32.6072   51.0801  -176.35
 12 1913    0.0107   0.8043   0.1909  26.2201  32.4319   51.5096  -177.30
 12 1914    0.0103   0.7967   0.1892  26.0508  32.2529   51.9337  -178.28
 12 1915    0.0120   0.8038   0.1895  25.8852  32.0964   52.3719  -179.21
 12 1916    0.0105   0.8031   0.1890  25.7199  31.9284   52.8035  -180.18
 12 1917    0.0096   0.7883   0.1863  25.5532  31.7434   53.2143  -181.25
 12 1918    0.0107   0.7923   0.1863  25.3905  31.5857   53.6431  -182.18
 12 1919    0.0100   0.7962   0.1864  25.2295  31.4279   54.0732  -183.12
 12 1920    0.0100   0.7928   0.1853  25.0683  31.2623   54.4929  -184.06
 12 1921    0.0110   0.7933   0.1848  24.9088  31.1038   54.9144  -184.98
 12 1922    0.0110   0.7973   0.1848  24.7514  30.9504   55.3403  -185.88
 12 1923    0.0107   0.7968   0.1842  24.5946  30.7922   55.7605  -186.81
 12 1924    0.0108   0.7909   0.1828  24.4377  30.6281   56.1716  -187.79
 12 1925    0.0098   0.7837   0.1813  24.2818  30.4626   56.5792  -188.84
 12 1926    0.0101   0.7729   0.1792  24.1259  30.2940   56.9774  -189.91
 12 1927    0.0103   0.7690   0.1782  23.9721  30.1354   57.3807  -190.94
 12 1928    0.0114   0.7763   0.1787  23.8213  29.9937   57.7956  -191.88
 12 1929    0.0117   0.7795   0.1787  23.6713  29.8471   58.2065  -192.85
 12 1930    0.0096   0.7709   0.1771  23.5206  29.6841   58.6039  -193.81
 12 1931    0.0098   0.7627   0.1754  23.3705  29.5244   58.9962  -194.77
 12 1932    0.0095   0.7613   0.1748  23.2227  29.3742   59.3949  -195.69
 12 1933    0.0101   0.7603   0.1742  23.0758  29.2263   59.7914  -196.60
 12 1934    0.0117   0.7692   0.1749  22.9318  29.0935   60.1985  -197.44
 12 1935    0.0105   0.7668   0.1742  22.7875  28.9448   60.5945  -198.45
 12 1936    0.0103   0.7708   0.1743  22.6453  28.8066   60.9967  -199.41
 12 1937    0.0090   0.7639   0.1729  22.5024  28.6542   61.3857  -200.46
 12 1938    0.0104   0.7617   0.1720  22.3609  28.5108   61.7750  -201.46
 12 1939    0.0092   0.7527   0.1703  22.2194  28.3574   62.1560  -202.53
 12 1940    0.0091   0.7519   0.1698  22.0801  28.2167   62.5437  -203.53
 12 1941    0.0098   0.7462   0.1684  21.9407  28.0710   62.9221  -204.56
 12 1942    0.0094   0.7376   0.1668  21.8017  27.9214   63.2951  -205.64
 12 1943    0.0110   0.7430   0.1671  21.6659  27.7929   63.6814  -206.58
 12 1944    0.0098   0.7424   0.1667  21.5305  27.6553   64.0626  -207.59
 12 1945    0.0089   0.7286   0.1643  21.3936  27.5013   64.4249  -208.82
 12 1946    0.0100   0.7328   0.1645  21.2604  27.3736   64.8045  -209.88
 12 1947    0.0094   0.7368   0.1647  21.1286  27.2455   65.1856  -210.95
 12 1948    0.0094   0.7350   0.1640  20.9968  27.1111   65.5586  -212.05
 12 1949    0.0103   0.7366   0.1637  20.8664  26.9830   65.9335  -213.12
 12 1950    0.0132   0.7417   0.1638  20.7373  26.8620   66.3092  -214.07
 12 1951    0.0112   0.7512   0.1650  20.6111  26.7444   66.6967  -215.00
 12 1952    0.0180   0.7957   0.1704  20.4916  26.6816   67.1229  -215.58
 12 1953    0.0102   0.7990   0.1710  20.3691  26.5552   67.5212  -216.58
 12 1954    0.0177   0.8326   0.1746  20.2513  26.4821   67.9446  -217.19
 12 1955    0.0119   0.8411   0.1757  20.1329  26.3675   68.3568  -217.99
 12 1956    0.0157   0.8714   0.1791  20.0187  26.2908   68.7902  -218.32
 12 1957    0.0115   0.8678   0.1782  19.9012  26.1645   69.1941  -218.80
 12 1958    0.0174   0.8835   0.1793  19.7866  26.0727   69.6112  -218.46
 12 1959    0.0113   0.8746   0.1779  19.6706  25.9402   70.0114  -218.31
 12 1960    0.0166   0.8992   0.1804  19.5599  25.8620   70.4415  -217.68
 12 1961    0.0117   0.8914   0.1791  19.4464  25.7345   70.8449  -217.63
 12 1962    0.0200   0.9343   0.1841  19.3413  25.6856   71.2993  -215.44
 12 1963    0.0101   0.9183   0.1820  19.2299  25.5462   71.7048  -212.14
 12 1964    0.0189   0.9481   0.1850  19.1251  25.4829   72.1478  -206.09
 12 1965    0.0098   0.9181   0.1808  19.0131  25.3277   72.5361  -205.44
 12 1966    0.0198   0.9540   0.1846  18.9109  25.2752   72.9840  -201.48
 12 1967    0.0107   0.9346   0.1821  18.8029  25.1362   73.3864  -201.35
 12 1968    0.0204   0.9631   0.1849  18.7015  25.0759   73.8275  -199.10
 12 1969    0.0108   0.9458   0.1827  18.5960  24.9412   74.2340  -199.63
 12 1970    0.0189   0.9651   0.1844  18.4951  24.8694   74.6662  -198.67
 12 1971    0.0141   0.9701   0.1851  18.3949  24.7702   75.0968  -198.65
 12 1972    0.0248   1.0310   0.1926  18.3042  24.7585   75.5864  -196.52
 12 1973    0.0134   1.0202   0.1914  18.2060  24.6369   76.0190  -197.46
 12 1974    0.0209   1.0564   0.1954  18.1146  24.5931   76.4927  -196.55
 12 1975    0.0128   1.0414   0.1933  18.0177  24.4711   76.9233  -197.63
 12 1976    0.0202   1.0836   0.1982  17.9300  24.4380   77.4105  -196.74
 12 1977    0.0145   1.0815   0.1978  17.8379  24.3376   77.8626  -197.63
 12 1978    0.0254   1.1361   0.2042  17.7549  24.3266   78.3716  -196.71
 12 1979    0.0140   1.1199   0.2022  17.6643  24.2063   78.8235  -198.22
 12 1980    0.0241   1.1668   0.2075  17.5830  24.1873   79.3332  -197.77
 12 1981    0.0128   1.1448   0.2046  17.4939  24.0620   79.7851  -199.49
 12 1982    0.0261   1.2022   0.2112  17.4166  24.0620   80.3117  -198.91
 12 1983    0.0150   1.1917   0.2100  17.3324  23.9550   80.7873  -200.36
 12 1984    0.0233   1.2460   0.2167  17.2584  23.9503   81.3276  -200.05
 12 1985    0.0143   1.2192   0.2128  17.1739  23.8262   81.7911  -201.83
 12 1986    0.0257   1.2537   0.2162  17.0979  23.7995   82.3074  -202.02
 12 1987    0.0154   1.2235   0.2122  17.0143  23.6713   82.7679  -203.88
 12 1988    0.0247   1.2731   0.2182  16.9430  23.6648   83.3067  -203.83
 12 1989    0.0328   1.2473   0.2130  16.8591  23.5581   83.7556  -205.36
 12 1990    0.0012   1.0981   0.1937  16.7569  23.2557   84.0735  -209.90
 12 1991    0.0801   1.4853   0.2435  16.7377  23.7526   84.9545  -202.46
 12 1992    0.0611   1.8570   0.2987  16.7460  24.1687   86.0229  -196.65
 12 1993    0.0097   1.6918   0.2764  16.6697  23.8534   86.5118  -200.95
 12 1994    0.0683   1.9630   0.3089  16.6574  24.2036   87.4353  -196.34
 12 1995    0.0496   2.2003   0.3432  16.6609  24.4599   88.4661  -193.15
 12 1996    0.0189   2.0494   0.3208  16.6000  24.1950   89.0554  -196.55
 12 1997    0.0661   2.3617   0.3605  16.6134  24.6075   90.1507  -191.64
 12 1998    0.0503   2.6134   0.3962  16.6372  24.9030   91.3187  -188.34
 12 1999    0.0971   2.5519   0.3791  16.5999  24.8339   92.0683  -189.27
 12 2000    0.0752   2.7409   0.4074  16.6168  25.0461   93.1873  -187.07
 12 2001    0.0525   2.9843   0.4426  16.6561  25.3415   94.4622  -184.06
 12 2002    0.1922   3.0491   0.4350  16.6452  25.5274   95.3936  -182.32
 12 2003    0.0785   3.2061   0.4675  16.6872  25.6452   96.6879  -181.33
 12 2004    0.0453   3.3866   0.4942  16.7349  25.8669   98.0240  -179.32
 12 2005    0.0185   3.2006   0.4660  16.7173  25.6084   98.9156  -182.08
 12 2006    0.1214   3.6255   0.5172  16.7906  26.2606  100.4281  -175.99
 12 2007    0.0444   3.9528   0.5698  16.8903  26.6632  102.1274  -172.53
 12 2008    0.1725   3.7493   0.5226  16.8697  26.5199  103.0071  -174.03
 12 2009    0.0216   3.4220   0.4878  16.8517  25.9890  103.9036  -179.11
 12 2010    0.0263   3.2229   0.4577  16.8272  25.7401  104.7543  -181.65
 12 2011    0.2337   3.1886   0.4323  16.7980  25.8586  105.5712  -180.74
 12 2012    0.0967   3.5522   0.5017  16.8872  26.2437  107.1980  -177.41
 12 2013    0.0665   3.8984   0.5546  16.9790  26.7043  108.8490  -173.55
 12 2014    0.3158   3.9119   0.5287  16.9801  26.9424  109.8831  -171.69
 12 2015    0.0910   3.9576   0.5573  17.0468  26.8585  111.3668  -172.56
 12 2016    0.0538   4.0219   0.5685  17.1005  26.9507  112.7665  -171.96
 12 2017    0.0920   3.7165   0.5177  17.0733  26.6054  113.6138  -175.03
 12 2018    0.0879   3.8877   0.5439  17.1301  26.8555  115.0350  -173.07
 12 2019    0.0629   4.0834   0.5745  17.2044  27.1311  116.5801  -170.95
 12 2020    0.3201   4.1137   0.5514  17.2131  27.4043  117.6797  -168.86
 12 2021    0.5192   4.5165   0.5907  17.2953  28.1276  119.2835  -163.38
 12 2022    0.0344   4.0548   0.5699  17.3179  27.1829  120.4848  -170.86
 12 2023    0.0079   3.5619   0.4991  17.2634  26.5382  121.1582  -176.27
 12 2024    0.0789   3.5582   0.4935  17.2692  26.6056  122.2406  -175.80
 12 2025    0.0537   3.6293   0.5080  17.3036  26.7005  123.5210  -175.11
 12 2026    0.1854   3.4793   0.4733  17.2752  26.6192  124.3719  -175.87
 12 2027    0.0549   3.3876   0.4750  17.2844  26.4078  125.4799  -177.72
 12 2028    0.0494   3.3901   0.4773  17.2955  26.4182  126.6009  -177.70
 12 2029    0.1937   3.2937   0.4494  17.2657  26.4084  127.4415  -177.86
 12 2030    0.0610   3.2759   0.4622  17.2817  26.2867  128.5955  -178.94
 12 2031    0.0523   3.3376   0.4731  17.3001  26.3689  129.7662  -178.31
 12 2032    0.1644   3.2153   0.4440  17.2677  26.2973  130.5894  -178.97
 12 2033    0.0458   3.1153   0.4426  17.2636  26.0732  131.6054  -180.92
 12 2034    0.0499   3.0786   0.4379  17.2542  26.0264  132.5849  -181.35
 12 2035    0.1299   2.9815   0.4165  17.2203  25.9540  133.3951  -182.01
 12 2036    0.0610   3.0332   0.4326  17.2307  25.9634  134.5074  -181.96
 12 2037    0.0456   3.0530   0.4377  17.2318  25.9741  135.5569  -181.90
 12 2038    0.2046   3.0183   0.4169  17.1981  26.0438  136.3669  -181.31
 12 2039    0.0604   3.0121   0.4317  17.2064  25.9166  137.4635  -182.44
 12 2040    0.0545   3.0981   0.4452  17.2187  26.0224  138.5886  -181.55
 12 2041    0.2322   3.0719   0.4231  17.1863  26.1193  139.4067  -180.74
 12 2042    0.0251   2.8160   0.4068  17.1569  25.6107  140.2448  -185.16
 12 2043    0.0385   2.6884   0.3876  17.1167  25.4371  141.0061  -186.70
 12 2044    0.1838   2.6544   0.3692  17.0710  25.4843  141.7271  -186.28
 12 2045    0.0703   2.7302   0.3937  17.0773  25.4774  142.8018  -186.36
 12 2046    0.0452   2.8223   0.4103  17.0823  25.5659  143.8687  -185.59
 12 2047    0.2228   2.8749   0.3999  17.0549  25.7584  144.7138  -183.91
 12 2048    0.0835   3.0795   0.4446  17.0990  25.9124  146.0468  -182.58
 12 2049    0.0497   3.2328   0.4692  17.1323  26.0899  147.3095  -181.07
 12 2050    0.1607   3.0874   0.4346  17.0927  25.9813  148.0733  -181.99
 12 2051    0.0690   3.0825   0.4430  17.0990  25.8995  149.1500  -182.69
 12 2052    0.0574   3.1340   0.4512  17.1090  25.9574  150.2523  -182.18
 12 2053    0.1722   3.0256   0.4228  17.0718  25.8983  151.0315  -182.68
 12 2054    0.0444   2.9556   0.4258  17.0683  25.7001  152.0397  -184.39
 12 2055    0.0411   2.9322   0.4228  17.0578  25.6599  152.9997  -184.73
 12 2056    0.1351   2.8370   0.3995  17.0181  25.5955  153.7580  -185.28
 12 2057    0.0502   2.8244   0.4071  17.0135  25.5012  154.7559  -186.10
 12 2058    0.0492   2.8214   0.4073  17.0010  25.4848  155.6984  -186.23
 12 2059    0.1691   2.7565   0.3859  16.9591  25.4765  156.4388  -186.28
 12 2060    0.0523   2.7619   0.3996  16.9582  25.3779  157.4575  -187.16
 12 2061    0.0471   2.8074   0.4072  16.9537  25.4212  158.4525  -186.78
 12 2062    0.2185   2.7999   0.3886  16.9159  25.5288  159.2173  -185.82
 12 2063    0.0739   2.9163   0.4213  16.9406  25.5581  160.4097  -185.56
 12 2064    0.0478   3.0619   0.4447  16.9657  25.7260  161.6064  -184.09
 12 2065    0.1822   2.9968   0.4202  16.9324  25.7375  162.4034  -183.98
 12 2066    0.0472   2.9258   0.4232  16.9295  25.5316  163.4072  -185.78
 12 2067    0.0488   2.9051   0.4198  16.9182  25.4978  164.3534  -186.06
 12 2068    0.1677   2.8641   0.4016  16.8851  25.5245  165.1488  -185.82
 12 2069    0.0698   2.9088   0.4187  16.8942  25.4974  166.2318  -186.05
 12 2070    0.0541   2.9815   0.4308  16.9030  25.5753  167.3135  -185.35
 12 2071    0.1502   2.8475   0.4007  16.8586  25.4628  168.0306  -186.33
 12 2072    0.0638   2.8048   0.4039  16.8486  25.3269  168.9812  -187.53
 12 2073    0.0484   2.8231   0.4084  16.8426  25.3284  169.9586  -187.50
 12 2074    0.1260   2.6950   0.3816  16.7957  25.2043  170.6552  -188.60
 12 2075    0.0572   2.6789   0.3873  16.7835  25.1128  171.5867  -189.42
 12 2076    0.0476   2.7127   0.3937  16.7749  25.1348  172.5428  -189.20
 12 2077    0.1060   2.5705   0.3669  16.7239  24.9732  173.2068  -190.66
 12 2078    0.0651   2.6289   0.3809  16.7182  24.9990  174.1784  -190.41
 12 2079    0.0448   2.6866   0.3917  16.7143  25.0433  175.1629  -189.99
 12 2080    0.1751   2.6008   0.3656  16.6639  25.0113  175.8274  -190.27
 12 2081    0.0528   2.5506   0.3716  16.6478  24.8288  176.7245  -191.94
 12 2082    0.0481   2.5929   0.3787  16.6358  24.8614  177.6485  -191.62
 12 2083    0.1324   2.4928   0.3554  16.5852  24.7717  178.3069  -192.44
 12 2084    0.0737   2.6229   0.3816  16.5925  24.8766  179.3591  -191.44
 12 2085    0.0578   2.7980   0.4087  16.6117  25.0821  180.4940  -189.54
 12 2086    0.1138   2.6457   0.3794  16.5637  24.9085  181.1695  -191.12
 12 2087    0.0680   2.7389   0.3981  16.5694  24.9802  182.2096  -190.44
 12 2088    0.0589   2.8770   0.4187  16.5855  25.1461  183.3219  -188.91
 12 2089    0.1838   2.8502   0.4009  16.5558  25.1967  184.1208  -188.44
 12 2090    0.0525   2.8209   0.4096  16.5572  25.0461  185.1312  -189.79
 12 2091    0.0387   2.7987   0.4071  16.5465  24.9969  186.0587  -190.23
 12 2092    0.1259   2.6658   0.3782  16.4988  24.8746  186.7318  -191.34
 12 2093    0.0570   2.6574   0.3847  16.4890  24.7941  187.6622  -192.07
 12 2094    0.0415   2.6870   0.3909  16.4821  24.8074  188.6115  -191.93
 12 2095    0.1402   2.5805   0.3651  16.4338  24.7255  189.2764  -192.68
 12 2096    0.0872   2.7222   0.3925  16.4471  24.8550  190.3610  -191.46
 12 2097    0.0539   2.8644   0.4164  16.4676  25.0083  191.4965  -190.03
 12 2098    0.1036   2.6758   0.3825  16.4175  24.7853  192.1481  -192.08
 12 2099    0.0335   2.5750   0.3751  16.3919  24.5814  192.9647  -193.98
