MON   YR       DPM      RPM      BIO      HUM    TOTAL       CO2     D14C
 12 1850    0.0020  10.2122   1.0544  42.7858  59.2602    2.7566   -98.08
 12 1851    0.1384   8.9954   0.9760  42.6378  57.9536    5.1253  -100.27
 12 1852    0.0381   7.6857   0.8817  42.4414  56.2528    7.1502  -103.28
 12 1853    0.0311   6.5741   0.7882  42.2064  54.8058    8.8948  -105.99
 12 1854    0.0426   5.6531   0.7069  41.9497  53.5581   10.4718  -108.43
 12 1855    0.0349   4.8641   0.6359  41.6751  52.4158   11.9060  -110.77
 12 1856    0.0309   4.2044   0.5748  41.3864  51.4024   13.2210  -112.92
 12 1857    0.0331   3.6412   0.5205  41.0836  50.4843   14.4169  -114.95
 12 1858    0.0382   3.1717   0.4742  40.7717  49.6617   15.5261  -116.82
 12 1859    0.0357   2.7778   0.4355  40.4537  48.9087   16.5690  -118.59
 12 1860    0.0350   2.4552   0.4035  40.1316  48.2313   17.5582  -120.23
 12 1861    0.0327   2.1595   0.3727  39.8012  47.5719   18.4647  -121.87
 12 1862    0.0300   1.9226   0.3483  39.4699  46.9766   19.3391  -123.38
 12 1863    0.0294   1.7278   0.3279  39.1372  46.4281   20.1776  -124.81
 12 1864    0.0288   1.5502   0.3085  38.8009  45.8942   20.9655  -126.23
 12 1865    0.0307   1.3997   0.2915  38.4634  45.3912   21.7184  -127.60
 12 1866    0.0305   1.2804   0.2783  38.1276  44.9227   22.4559  -128.90
 12 1867    0.0290   1.1738   0.2662  37.7914  44.4664   23.1649  -130.19
 12 1868    0.0314   1.0788   0.2547  37.4547  44.0255   23.8433  -131.47
 12 1869    0.0274   1.0010   0.2458  37.1206  43.6006   24.5123  -132.72
 12 1870    0.0261   0.9229   0.2361  36.7853  43.1763   25.1475  -133.99
 12 1871    0.0296   0.8693   0.2291  36.4533  42.7871   25.7784  -135.18
 12 1872    0.0298   0.8294   0.2241  36.1248  42.4140   26.4073  -136.33
 12 1873    0.0321   0.7944   0.2193  35.7981  42.0497   27.0224  -137.48
 12 1874    0.0230   0.7484   0.2137  35.4723  41.6632   27.6181  -138.72
 12 1875    0.0220   0.7024   0.2071  35.1465  41.2839   28.1880  -139.96
 12 1876    0.0204   0.6695   0.2024  34.8241  40.9223   28.7553  -141.16
 12 1877    0.0283   0.6622   0.2004  34.5068  40.6036   29.3321  -142.24
 12 1878    0.0338   0.6708   0.2008  34.1954  40.3068   29.9247  -143.25
 12 1879    0.0325   0.6717   0.2006  33.8871  39.9978   30.5133  -144.33
 12 1880    0.0296   0.6736   0.2005  33.5823  39.6918   31.1016  -145.40
 12 1881    0.0215   0.6536   0.1975  33.2774  39.3559   31.6652  -146.60
 12 1882    0.0305   0.6491   0.1951  32.9752  39.0558   32.2235  -147.69
 12 1883    0.0232   0.6292   0.1921  32.6750  38.7253   32.7713  -148.91
 12 1884    0.0215   0.6191   0.1900  32.3780  38.4144   33.3173  -150.07
 12 1885    0.0251   0.6056   0.1868  32.0820  38.1054   33.8470  -151.25
 12 1886    0.0235   0.5885   0.1837  31.7882  37.7899   34.3685  -152.47
 12 1887    0.0280   0.5887   0.1825  31.4991  37.5041   34.8982  -153.59
 12 1888    0.0235   0.5814   0.1811  31.2125  37.2043   35.4228  -154.78
 12 1889    0.0220   0.5617   0.1775  30.9257  36.8927   35.9235  -156.04
 12 1890    0.0238   0.5605   0.1764  30.6439  36.6105   36.4356  -157.20
 12 1891    0.0216   0.5578   0.1754  30.3651  36.3258   36.9457  -158.39
 12 1892    0.0206   0.5461   0.1730  30.0871  36.0327   37.4399  -159.63
 12 1893    0.0236   0.5409   0.1711  29.8120  35.7534   37.9316  -160.83
 12 1894    0.0239   0.5403   0.1702  29.5405  35.4807   38.4263  -162.02
 12 1895    0.0222   0.5329   0.1684  29.2707  35.2001   38.9113  -163.26
 12 1896    0.0230   0.5233   0.1661  29.0025  34.9208   39.3858  -164.52
 12 1897    0.0203   0.5119   0.1639  28.7366  34.6386   39.8551  -165.81
 12 1898    0.0206   0.4968   0.1608  28.4717  34.3558   40.3098  -167.12
 12 1899    0.0212   0.4898   0.1590  28.2102  34.0862   40.7670  -168.39
 12 1900    0.0090   0.5071   0.1617  28.0186  33.9024   41.1583  -169.30
 12 1901    0.0092   0.5217   0.1627  27.8273  33.7268   41.5395  -170.18
 12 1902    0.0078   0.5282   0.1627  27.6367  33.5413   41.9144  -171.11
 12 1903    0.0080   0.5331   0.1624  27.4474  33.3568   42.2863  -172.04
 12 1904    0.0077   0.5422   0.1628  27.2606  33.1793   42.6644  -172.96
 12 1905    0.0082   0.5495   0.1629  27.0752  33.0017   43.0403  -173.91
 12 1906    0.0096   0.5654   0.1643  26.8930  32.8382   43.4273  -174.80
 12 1907    0.0087   0.5716   0.1644  26.7113  32.6618   43.8065  -175.75
 12 1908    0.0084   0.5809   0.1649  26.5318  32.4918   44.1899  -176.68
 12 1909    0.0069   0.5775   0.1637  26.3518  32.3058   44.5591  -177.70
 12 1910    0.0084   0.5797   0.1631  26.1737  32.1308   44.9304  -178.67
 12 1911    0.0072   0.5740   0.1616  25.9959  31.9446   45.2929  -179.70
 12 1912    0.0070   0.5748   0.1611  25.8204  31.7691   45.6603  -180.69
 12 1913    0.0078   0.5719   0.1599  25.6453  31.5908   46.0205  -181.70
 12 1914    0.0073   0.5655   0.1584  25.4710  31.4081   46.3750  -182.74
 12 1915    0.0087   0.5712   0.1585  25.2998  31.2441   46.7405  -183.73
 12 1916    0.0074   0.5698   0.1578  25.1292  31.0701   47.0993  -184.78
 12 1917    0.0068   0.5588   0.1556  24.9579  30.8850   47.4432  -185.88
 12 1918    0.0078   0.5628   0.1556  24.7901  30.7222   47.8012  -186.88
 12 1919    0.0072   0.5653   0.1555  24.6238  30.5577   48.1587  -187.89
 12 1920    0.0072   0.5628   0.1545  24.4577  30.3881   48.5083  -188.91
 12 1921    0.0080   0.5643   0.1541  24.2935  30.2258   48.8602  -189.90
 12 1922    0.0080   0.5679   0.1541  24.1311  30.0670   49.2149  -190.88
 12 1923    0.0077   0.5677   0.1535  23.9694  29.9043   49.5645  -191.89
 12 1924    0.0078   0.5635   0.1523  23.8081  29.7376   49.9072  -192.93
 12 1925    0.0069   0.5570   0.1509  23.6476  29.5684   50.2453  -194.05
 12 1926    0.0071   0.5485   0.1491  23.4875  29.3981   50.5763  -195.18
 12 1927    0.0073   0.5452   0.1482  23.3293  29.2359   50.9110  -196.26
 12 1928    0.0083   0.5516   0.1485  23.1739  29.0882   51.2554  -197.28
 12 1929    0.0084   0.5544   0.1484  23.0194  28.9365   51.5962  -198.32
 12 1930    0.0069   0.5481   0.1471  22.8646  28.7727   51.9263  -199.36
 12 1931    0.0070   0.5419   0.1457  22.7107  28.6112   52.2522  -200.41
 12 1932    0.0068   0.5409   0.1451  22.5587  28.4573   52.5824  -201.42
 12 1933    0.0072   0.5403   0.1445  22.4078  28.3057   52.9111  -202.44
 12 1934    0.0084   0.5473   0.1449  22.2594  28.1660   53.2476  -203.38
 12 1935    0.0076   0.5461   0.1443  22.1111  28.0150   53.5758  -204.47
 12 1936    0.0074   0.5494   0.1443  21.9647  27.8718   53.9082  -205.51
 12 1937    0.0064   0.5440   0.1431  21.8180  27.7174   54.2298  -206.63
 12 1938    0.0074   0.5421   0.1423  21.6726  27.5703   54.5513  -207.71
 12 1939    0.0066   0.5352   0.1408  21.5275  27.4161   54.8663  -208.85
 12 1940    0.0065   0.5342   0.1403  21.3843  27.2712   55.1855  -209.94
 12 1941    0.0071   0.5307   0.1392  21.2416  27.1245   55.4988  -211.04
 12 1942    0.0066   0.5238   0.1378  21.0992  26.9734   55.8067  -212.19
 12 1943    0.0080   0.5282   0.1379  20.9597  26.8397   56.1249  -213.23
 12 1944    0.0069   0.5269   0.1374  20.8206  26.6978   56.4378  -214.33
 12 1945    0.0063   0.5167   0.1355  20.6807  26.5452   56.7371  -215.60
 12 1946    0.0073   0.5207   0.1356  20.5441  26.4136   57.0499  -216.73
 12 1947    0.0068   0.5234   0.1356  20.4086  26.2802   57.3624  -217.87
 12 1948    0.0067   0.5220   0.1350  20.2734  26.1430   57.6688  -219.04
 12 1949    0.0075   0.5241   0.1348  20.1398  26.0121   57.9777  -220.17
 12 1950    0.0095   0.5284   0.1348  20.0074  25.8860   58.2868  -221.22
 12 1951    0.0081   0.5355   0.1355  19.8773  25.7623   58.6036  -222.26
 12 1952    0.0128   0.5672   0.1392  19.7522  25.6774   58.9474  -223.03
 12 1953    0.0073   0.5699   0.1396  19.6254  25.5481   59.2714  -224.13
 12 1954    0.0126   0.5934   0.1419  19.5021  25.4559   59.6122  -224.93
 12 1955    0.0086   0.5997   0.1426  19.3788  25.3356   59.9453  -225.87
 12 1956    0.0110   0.6200   0.1447  19.2585  25.2402   60.2916  -226.49
 12 1957    0.0083   0.6179   0.1440  19.1364  25.1125   60.6180  -227.19
 12 1958    0.0122   0.6275   0.1444  19.0164  25.0064   60.9515  -227.33
 12 1959    0.0081   0.6216   0.1433  18.8959  24.8748   61.2743  -227.57
 12 1960    0.0116   0.6375   0.1448  18.7792  24.7791   61.6161  -227.49
 12 1961    0.0084   0.6327   0.1438  18.6610  24.6518   61.9406  -227.80
 12 1962    0.0143   0.6640   0.1474  18.5492  24.5809   62.3018  -226.49
 12 1963    0.0073   0.6531   0.1458  18.4333  24.4454   62.6276  -224.38
 12 1964    0.0132   0.6730   0.1477  18.3219  24.3617   62.9779  -220.32
 12 1965    0.0070   0.6523   0.1446  18.2060  24.2159   63.2907  -220.17
 12 1966    0.0142   0.6787   0.1474  18.0974  24.1436   63.6462  -217.52
 12 1967    0.0077   0.6654   0.1455  17.9850  24.0095   63.9690  -217.76
 12 1968    0.0145   0.6854   0.1474  17.8774  23.9305   64.3181  -216.44
 12 1969    0.0078   0.6734   0.1457  17.7672  23.8001   64.6431  -217.19
 12 1970    0.0132   0.6853   0.1465  17.6603  23.7113   64.9836  -216.90
 12 1971    0.0101   0.6895   0.1470  17.5544  23.6070   65.3249  -217.21
 12 1972    0.0177   0.7336   0.1523  17.4557  23.5651   65.7084  -215.89
 12 1973    0.0097   0.7263   0.1514  17.3518  23.4451   66.0509  -216.94
 12 1974    0.0148   0.7512   0.1540  17.2528  23.3787   66.4211  -216.62
 12 1975    0.0092   0.7409   0.1524  17.1504  23.2589   66.7614  -217.78
 12 1976    0.0143   0.7699   0.1557  17.0545  23.2003   67.1402  -217.47
 12 1977    0.0105   0.7692   0.1554  16.9560  23.0969   67.4955  -218.47
 12 1978    0.0181   0.8082   0.1599  16.8642  23.0563   67.8907  -218.07
 12 1979    0.0101   0.7971   0.1584  16.7673  22.9388   68.2453  -219.56
 12 1980    0.0171   0.8305   0.1621  16.6771  22.8927   68.6405  -219.53
 12 1981    0.0091   0.8153   0.1600  16.5818  22.7721   68.9948  -221.18
 12 1982    0.0185   0.8553   0.1644  16.4949  22.7391   69.4007  -221.06
 12 1983    0.0107   0.8483   0.1635  16.4035  22.6320   69.7712  -222.50
 12 1984    0.0164   0.8859   0.1680  16.3195  22.5956   70.1859  -222.59
 12 1985    0.0103   0.8674   0.1652  16.2283  22.4772   70.5472  -224.29
 12 1986    0.0181   0.8902   0.1673  16.1431  22.4246   70.9435  -224.79
 12 1987    0.0110   0.8693   0.1644  16.0531  22.3037   71.3018  -226.56
 12 1988    0.0174   0.9026   0.1683  15.9716  22.2658   71.7130  -226.87
 12 1989    0.0109   0.8824   0.1654  15.8834  22.1480   72.0738  -228.60
 12 1990    0.0267   0.9592   0.1749  15.8107  22.1775   72.5350  -227.80
 12 1991    0.0083   0.9015   0.1675  15.7204  22.0036   72.8710  -230.47
 12 1992    0.0342   1.0455   0.1859  15.6614  22.1328   73.4166  -228.12
 12 1993    0.0076   0.9785   0.1776  15.5751  21.9447   73.7714  -230.96
 12 1994    0.0284   1.0431   0.1846  15.5059  21.9679   74.2383  -230.42
 12 1995    0.0094   1.0776   0.1907  15.4403  21.9239   74.7260  -230.96
 12 1996    0.0110   1.0226   0.1815  15.3560  21.7771   75.0811  -233.11
 12 1997    0.0321   1.1322   0.1953  15.2990  21.8645   75.6181  -231.64
 12 1998    0.0123   1.2181   0.2089  15.2492  21.8944   76.2017  -231.09
 12 1999    0.0115   1.1787   0.2020  15.1758  21.7740   76.6198  -232.79
 12 2000    0.0251   1.2121   0.2049  15.1130  21.7610   77.1064  -232.89
 12 2001    0.0090   1.2327   0.2086  15.0548  21.7110   77.6207  -233.55
 12 2002    0.0290   1.2752   0.2122  14.9960  21.7184   78.1275  -233.38
 12 2003    0.0280   1.3104   0.2168  14.9407  21.7018   78.6543  -233.56
 12 2004    0.0093   1.3207   0.2192  14.8862  21.6414   79.1840  -234.36
 12 2005    0.0083   1.2308   0.2053  14.8101  21.4604   79.5619  -236.90
 12 2006    0.0292   1.2709   0.2090  14.7526  21.4676   80.0625  -236.74
 12 2007    0.0099   1.2946   0.2139  14.7005  21.4248   80.5968  -237.30
 12 2008    0.0095   1.2210   0.2026  14.6278  21.2668   80.9866  -239.51
 12 2009    0.0266   1.2637   0.2072  14.5723  21.2758   81.4904  -239.32
 12 2010    0.0106   1.2927   0.2127  14.5218  21.2438   82.0254  -239.73
 12 2011    0.0122   1.2401   0.2044  14.4542  21.1168   82.4390  -241.48
 12 2012    0.0300   1.3259   0.2153  14.4092  21.1862   83.0038  -240.44
 12 2013    0.0151   1.3935   0.2262  14.3698  21.2104   83.6048  -240.05
 12 2014    0.0240   1.4440   0.2320  14.3265  21.2324   84.1768  -239.68
 12 2015    0.0414   1.5033   0.2383  14.2856  21.2745   84.7622  -239.04
 12 2016    0.0104   1.5170   0.2423  14.2467  21.2222   85.3587  -239.71
 12 2017    0.0073   1.3955   0.2238  14.1779  21.0105   85.7485  -242.59
 12 2018    0.0355   1.4663   0.2313  14.1371  21.0762   86.3253  -241.62
 12 2019    0.0132   1.5134   0.2400  14.1030  21.0754   86.9462  -241.58
 12 2020    0.0257   1.5182   0.2389  14.0572  21.0459   87.4844  -241.92
 12 2021    0.3528   1.9690   0.2720  14.0537  21.8534   88.3092  -231.10
 12 2022    0.0042   1.7242   0.2695  14.0213  21.2251   88.9375  -239.32
 12 2023    0.0003   1.5121   0.2373  13.9458  20.9015   89.2672  -243.69
 12 2024    0.0425   1.5615   0.2406  13.9056  20.9561   89.8342  -242.87
 12 2025    0.0127   1.5892   0.2474  13.8744  20.9296   90.4607  -243.17
 12 2026    0.0166   1.5130   0.2355  13.8191  20.7901   90.9199  -245.03
 12 2027    0.0448   1.5940   0.2449  13.7874  20.8771   91.5378  -243.76
 12 2028    0.0142   1.6517   0.2561  13.7646  20.8925   92.2151  -243.47
 12 2029    0.0175   1.5798   0.2446  13.7137  20.7615   92.6981  -245.21
 12 2030    0.0457   1.6661   0.2545  13.6868  20.8590   93.3420  -243.78
 12 2031    0.0153   1.7269   0.2659  13.6683  20.8823   94.0432  -243.40
 12 2032    0.0146   1.6395   0.2523  13.6190  20.7313   94.5310  -245.41
 12 2033    0.0484   1.7228   0.2612  13.5939  20.8323   95.1820  -243.93
 12 2034    0.0155   1.7775   0.2719  13.5777  20.8486   95.8927  -243.62
 12 2035    0.0203   1.7116   0.2610  13.5345  20.7333   96.4170  -245.14
 12 2036    0.0478   1.7651   0.2660  13.5081  20.7930   97.0539  -244.23
 12 2037    0.0147   1.7941   0.2731  13.4892  20.7770   97.7412  -244.37
 12 2038    0.0193   1.7090   0.2595  13.4436  20.6373   98.2439  -246.22
 12 2039    0.0434   1.7594   0.2646  13.4178  20.6911   98.8787  -245.40
 12 2040    0.0134   1.7900   0.2717  13.3995  20.6804   99.5649  -245.47
 12 2041    0.0178   1.7036   0.2581  13.3543  20.5397  100.0647  -247.35
 12 2042    0.0461   1.7502   0.2624  13.3275  20.5921  100.6880  -246.53
 12 2043    0.0134   1.7745   0.2690  13.3085  20.5714  101.3635  -246.73
 12 2044    0.0191   1.6866   0.2551  13.2628  20.4295  101.8546  -248.64
 12 2045    0.0465   1.7341   0.2597  13.2364  20.4827  102.4748  -247.81
 12 2046    0.0138   1.7568   0.2661  13.2170  20.4597  103.1420  -248.06
 12 2047    0.0186   1.6765   0.2536  13.1728  20.3274  103.6379  -249.85
 12 2048    0.0396   1.7034   0.2558  13.1436  20.3483  104.2336  -249.46
 12 2049    0.0121   1.7123   0.2597  13.1204  20.3104  104.8691  -249.92
 12 2050    0.0144   1.6085   0.2440  13.0710  20.1439  105.3235  -252.22
 12 2051    0.0526   1.6867   0.2523  13.0472  20.2447  105.9497  -250.68
 12 2052    0.0145   1.7335   0.2629  13.0326  20.2494  106.6391  -250.52
 12 2053    0.0178   1.6435   0.2490  12.9873  20.1034  107.1157  -252.54
 12 2054    0.0434   1.7153   0.2573  12.9662  20.1881  107.7558  -251.22
 12 2055    0.0134   1.7621   0.2668  12.9528  20.2010  108.4480  -250.94
 12 2056    0.0234   1.6876   0.2544  12.9112  20.0826  108.9456  -252.56
 12 2057    0.0429   1.7111   0.2561  12.8839  20.0998  109.5386  -252.22
 12 2058    0.0122   1.7131   0.2592  12.8619  20.0524  110.1672  -252.82
 12 2059    0.0134   1.5932   0.2412  12.8116  19.8654  110.5993  -255.48
 12 2060    0.0432   1.6605   0.2487  12.7883  19.9466  111.2137  -254.20
 12 2061    0.0140   1.7041   0.2580  12.7730  19.9550  111.8820  -254.00
 12 2062    0.0192   1.6372   0.2474  12.7326  19.8423  112.3771  -255.58
 12 2063    0.0498   1.7443   0.2604  12.7192  19.9796  113.0544  -253.47
 12 2064    0.0162   1.8202   0.2744  12.7150  20.0316  113.7948  -252.63
 12 2065    0.0259   1.7435   0.2614  12.6773  19.9140  114.3046  -254.27
 12 2066    0.0438   1.7727   0.2639  12.6554  19.9416  114.9204  -253.78
 12 2067    0.0127   1.7783   0.2674  12.6386  19.9029  115.5708  -254.27
 12 2068    0.0220   1.7072   0.2556  12.6010  19.7918  116.0767  -255.83
 12 2069    0.0512   1.7587   0.2606  12.5809  19.8573  116.7002  -254.77
 12 2070    0.0137   1.7820   0.2675  12.5683  19.8374  117.3748  -254.99
 12 2071    0.0140   1.6606   0.2492  12.5230  19.6527  117.8235  -257.66
 12 2072    0.0482   1.6858   0.2499  12.4960  19.6858  118.3948  -257.08
 12 2073    0.0116   1.6814   0.2530  12.4753  19.6272  119.0088  -257.88
 12 2074    0.0160   1.5807   0.2378  12.4298  19.4701  119.4508  -260.19
 12 2075    0.0499   1.6323   0.2426  12.4052  19.5360  120.0328  -259.09
 12 2076    0.0121   1.6548   0.2498  12.3885  19.5111  120.6688  -259.39
 12 2077    0.0147   1.5500   0.2340  12.3420  19.3465  121.0986  -261.84
 12 2078    0.0532   1.6318   0.2428  12.3220  19.4558  121.7074  -260.07
 12 2079    0.0137   1.6768   0.2533  12.3106  19.4602  122.3742  -259.92
 12 2080    0.0135   1.5699   0.2372  12.2657  19.2921  122.8101  -262.44
 12 2081    0.0553   1.6703   0.2483  12.2502  19.4299  123.4449  -260.21
 12 2082    0.0163   1.7355   0.2614  12.2447  19.4638  124.1483  -259.61
 12 2083    0.0143   1.6210   0.2442  12.2015  19.2868  124.5918  -262.27
 12 2084    0.0477   1.6943   0.2519  12.1847  19.3845  125.2142  -260.67
 12 2085    0.0142   1.7378   0.2612  12.1760  19.3952  125.8914  -260.42
 12 2086    0.0128   1.6174   0.2431  12.1323  19.2115  126.3273  -263.20
 12 2087    0.0465   1.6858   0.2502  12.1149  19.3033  126.9412  -261.68
 12 2088    0.0145   1.7286   0.2594  12.1060  19.3143  127.6126  -261.43
 12 2089    0.0212   1.6719   0.2500  12.0735  19.2224  128.1214  -262.79
 12 2090    0.0528   1.7526   0.2589  12.0613  19.3315  128.7672  -261.00
 12 2091    0.0150   1.8039   0.2697  12.0581  19.3527  129.4747  -260.60
 12 2092    0.0143   1.6854   0.2517  12.0183  19.1756  129.9306  -263.29
 12 2093    0.0547   1.7615   0.2591  12.0051  19.2863  130.5662  -261.47
 12 2094    0.0144   1.8037   0.2690  12.0012  19.2942  131.2658  -261.27
 12 2095    0.0153   1.6880   0.2513  11.9621  19.1226  131.7232  -263.89
 12 2096    0.0599   1.7758   0.2602  11.9511  19.2529  132.3705  -261.76
 12 2097    0.0140   1.8215   0.2711  11.9498  19.2623  133.0841  -261.54
 12 2098    0.0134   1.6747   0.2490  11.9060  19.0490  133.5061  -264.83
 12 2099    0.0381   1.7130   0.2526  11.8883  19.0979  134.1039  -263.97
