MON   YR       DPM      RPM      BIO      HUM    TOTAL       CO2     D14C
 12 1850    0.0020  10.2122   1.0544  42.7858  59.2602    2.7566   -98.08
 12 1851    0.2739   9.4013   1.0227  42.6959  58.5997    5.5230   -99.17
 12 1852    0.0775   8.1576   0.9462  42.5433  56.9305    7.8532  -102.06
 12 1853    0.0638   7.0932   0.8584  42.3417  55.5631    9.8350  -104.54
 12 1854    0.0855   6.2214   0.7816  42.1187  54.4132   11.6538  -106.73
 12 1855    0.0724   5.4657   0.7147  41.8790  53.3378   13.3409  -108.86
 12 1856    0.0648   4.8392   0.6578  41.6265  52.3943   14.9205  -110.79
 12 1857    0.0672   4.2868   0.6040  41.3566  51.5205   16.3607  -112.64
 12 1858    0.0788   3.8341   0.5588  41.0780  50.7557   17.7201  -114.31
 12 1859    0.0720   3.4522   0.5218  40.7945  50.0464   19.0231  -115.91
 12 1860    0.0725   3.1533   0.4927  40.5086  49.4330   20.2875  -117.32
 12 1861    0.0683   2.8526   0.4609  40.2101  48.7978   21.4436  -118.83
 12 1862    0.0601   2.6148   0.4366  39.9117  48.2291   22.5757  -120.20
 12 1863    0.0595   2.4264   0.4171  39.6121  47.7209   23.6767  -121.46
 12 1864    0.0579   2.2408   0.3964  39.3065  47.2076   24.7123  -122.75
 12 1865    0.0617   2.0792   0.3776  38.9979  46.7223   25.7034  -124.01
 12 1866    0.0610   1.9574   0.3642  38.6919  46.2804   26.6879  -125.17
 12 1867    0.0585   1.8446   0.3514  38.3846  45.8450   27.6393  -126.33
 12 1868    0.0641   1.7408   0.3384  38.0750  45.4242   28.5505  -127.48
 12 1869    0.0558   1.6583   0.3294  37.7690  45.0184   29.4618  -128.60
 12 1870    0.0548   1.5674   0.3179  37.4593  44.6053   30.3236  -129.77
 12 1871    0.0608   1.5113   0.3105  37.1535  44.2420   31.1880  -130.81
 12 1872    0.0592   1.4683   0.3055  36.8513  43.8902   32.0525  -131.84
 12 1873    0.0636   1.4301   0.3001  36.5499  43.5496   32.8988  -132.84
 12 1874    0.0477   1.3709   0.2934  36.2483  43.1662   33.7198  -133.99
 12 1875    0.0452   1.3056   0.2843  35.9441  42.7851   34.4991  -135.16
 12 1876    0.0423   1.2638   0.2787  35.6440  42.4348   35.2824  -136.25
 12 1877    0.0573   1.2653   0.2776  35.3505  42.1567   36.0874  -137.12
 12 1878    0.0671   1.2931   0.2806  35.0654  41.9122   36.9268  -137.90
 12 1879    0.0640   1.3028   0.2819  34.7829  41.6375   37.7612  -138.79
 12 1880    0.0587   1.3144   0.2835  34.5043  41.3668   38.6004  -139.67
 12 1881    0.0448   1.2889   0.2803  34.2237  41.0435   39.4033  -140.74
 12 1882    0.0606   1.2850   0.2773  33.9447  40.7735   40.1953  -141.64
 12 1883    0.0486   1.2574   0.2737  33.6673  40.4530   40.9769  -142.73
 12 1884    0.0445   1.2458   0.2717  33.3935  40.1614   41.7606  -143.73
 12 1885    0.0498   1.2202   0.2666  33.1178  39.8604   42.5098  -144.78
 12 1886    0.0495   1.1949   0.2623  32.8443  39.5568   43.2519  -145.86
 12 1887    0.0555   1.1948   0.2611  32.5762  39.2935   44.0098  -146.81
 12 1888    0.0483   1.1852   0.2598  32.3106  39.0099   44.7635  -147.84
 12 1889    0.0458   1.1508   0.2542  32.0420  38.6987   45.4753  -148.99
 12 1890    0.0465   1.1439   0.2526  31.7791  38.4280   46.2054  -150.01
 12 1891    0.0435   1.1402   0.2517  31.5195  38.1608   46.9375  -151.03
 12 1892    0.0416   1.1183   0.2480  31.2589  37.8727   47.6419  -152.14
 12 1893    0.0465   1.1037   0.2447  31.0002  37.6010   48.3389  -153.20
 12 1894    0.0472   1.0994   0.2434  30.7456  37.3416   49.0436  -154.23
 12 1895    0.0448   1.0855   0.2409  30.4920  37.0692   49.7349  -155.33
 12 1896    0.0466   1.0666   0.2373  30.2387  36.7952   50.4084  -156.45
 12 1897    0.0417   1.0482   0.2345  29.9880  36.5182   51.0790  -157.59
 12 1898    0.0432   1.0229   0.2300  29.7366  36.2385   51.7257  -158.77
 12 1899    0.0438   1.0108   0.2277  29.4890  35.9771   52.3789  -159.88
 12 1900    0.0179   1.0419   0.2337  29.3138  35.8132   52.9591  -160.63
 12 1901    0.0183   1.0695   0.2364  29.1374  35.6675   53.5213  -161.30
 12 1902    0.0159   1.0849   0.2377  28.9616  35.5060   54.0769  -162.04
 12 1903    0.0164   1.0977   0.2383  28.7870  35.3452   54.6296  -162.79
 12 1904    0.0158   1.1184   0.2403  28.6160  35.1963   55.1968  -163.49
 12 1905    0.0166   1.1326   0.2412  28.4456  35.0418   55.7582  -164.28
 12 1906    0.0192   1.1624   0.2443  28.2799  34.9117   56.3411  -164.96
 12 1907    0.0174   1.1726   0.2449  28.1135  34.7544   56.9091  -165.76
 12 1908    0.0167   1.1899   0.2466  27.9501  34.6092   57.4876  -166.50
 12 1909    0.0143   1.1862   0.2453  27.7849  34.4365   58.0439  -167.37
 12 1910    0.0170   1.1908   0.2448  27.6217  34.2801   58.6039  -168.16
 12 1911    0.0148   1.1822   0.2429  27.4580  34.1039   59.1508  -169.05
 12 1912    0.0145   1.1860   0.2428  27.2974  33.9467   59.7094  -169.86
 12 1913    0.0155   1.1785   0.2409  27.1358  33.7767   60.2506  -170.73
 12 1914    0.0153   1.1693   0.2389  26.9749  33.6044   60.7874  -171.62
 12 1915    0.0174   1.1787   0.2396  26.8182  33.4597   61.3427  -172.45
 12 1916    0.0155   1.1792   0.2392  26.6618  33.3016   61.8914  -173.33
 12 1917    0.0142   1.1591   0.2358  26.5026  33.1177   62.4112  -174.33
 12 1918    0.0155   1.1633   0.2358  26.3483  32.9688   62.9544  -175.17
 12 1919    0.0146   1.1691   0.2363  26.1959  32.8218   63.5017  -176.01
 12 1920    0.0146   1.1643   0.2350  26.0427  32.6626   64.0346  -176.84
 12 1921    0.0160   1.1635   0.2343  25.8910  32.5107   64.5685  -177.66
 12 1922    0.0159   1.1682   0.2345  25.7418  32.3662   65.1096  -178.44
 12 1923    0.0156   1.1675   0.2339  25.5928  32.2158   65.6441  -179.26
 12 1924    0.0157   1.1588   0.2321  25.4433  32.0558   66.1658  -180.13
 12 1925    0.0145   1.1505   0.2305  25.2949  31.8963   66.6859  -181.10
 12 1926    0.0149   1.1366   0.2280  25.1460  31.7314   67.1931  -182.09
 12 1927    0.0151   1.1318   0.2269  24.9994  31.5791   67.7077  -183.03
 12 1928    0.0165   1.1408   0.2277  24.8563  31.4472   68.2371  -183.87
 12 1929    0.0169   1.1444   0.2278  24.7136  31.3086   68.7612  -184.74
 12 1930    0.0140   1.1324   0.2258  24.5697  31.1479   69.2679  -185.57
 12 1931    0.0144   1.1213   0.2237  24.4262  30.9915   69.7684  -186.40
 12 1932    0.0140   1.1201   0.2232  24.2853  30.8485   70.2790  -187.17
 12 1933    0.0147   1.1180   0.2224  24.1452  30.7063   70.7857  -187.96
 12 1934    0.0169   1.1297   0.2235  24.0085  30.5845   71.3072  -188.64
 12 1935    0.0152   1.1254   0.2226  23.8706  30.4397   71.8132  -189.56
 12 1936    0.0149   1.1304   0.2229  23.7354  30.3095   72.3284  -190.40
 12 1937    0.0132   1.1214   0.2213  23.5989  30.1607   72.8271  -191.34
 12 1938    0.0151   1.1181   0.2202  23.4637  30.0230   73.3260  -192.23
 12 1939    0.0135   1.1062   0.2181  23.3282  29.8720   73.8148  -193.20
 12 1940    0.0133   1.1059   0.2177  23.1953  29.7382   74.3136  -194.07
 12 1941    0.0143   1.0968   0.2159  23.0615  29.5944   74.7979  -195.01
 12 1942    0.0139   1.0857   0.2140  22.9282  29.4476   75.2772  -195.97
 12 1943    0.0159   1.0927   0.2145  22.7985  29.3275   75.7740  -196.78
 12 1944    0.0144   1.0931   0.2143  22.6694  29.1971   76.2663  -197.66
 12 1945    0.0131   1.0741   0.2113  22.5375  29.0418   76.7318  -198.83
 12 1946    0.0145   1.0788   0.2115  22.4101  28.9207   77.2203  -199.82
 12 1947    0.0137   1.0847   0.2121  22.2844  28.8009   77.7128  -200.78
 12 1948    0.0138   1.0822   0.2113  22.1582  28.6714   78.1941  -201.80
 12 1949    0.0150   1.0830   0.2109  22.0333  28.5481   78.6767  -202.77
 12 1950    0.0192   1.0895   0.2111  21.9097  28.4355   79.1610  -203.58
 12 1951    0.0164   1.1034   0.2130  21.7900  28.3287   79.6641  -204.36
 12 1952    0.0264   1.1686   0.2212  21.6797  28.3018   80.2245  -204.67
 12 1953    0.0149   1.1733   0.2223  21.5644  28.1808   80.7444  -205.55
 12 1954    0.0260   1.2230   0.2278  21.4557  28.1385   81.3022  -205.90
 12 1955    0.0174   1.2356   0.2297  21.3456  28.0341   81.8439  -206.48
 12 1956    0.0233   1.2824   0.2352  21.2415  27.9882   82.4198  -206.43
 12 1957    0.0168   1.2765   0.2340  21.1316  27.8649   82.9504  -206.57
 12 1958    0.0259   1.3026   0.2362  21.0262  27.7969   83.5045  -205.54
 12 1959    0.0165   1.2890   0.2344  20.9178  27.6635   84.0316  -204.82
 12 1960    0.0247   1.3277   0.2386  20.8172  27.6142   84.6060  -203.40
 12 1961    0.0171   1.3156   0.2368  20.7114  27.4868   85.1390  -202.84
 12 1962    0.0293   1.3771   0.2441  20.6174  27.4738   85.7459  -199.39
 12 1963    0.0148   1.3530   0.2412  20.5139  27.3287   86.2819  -194.34
 12 1964    0.0280   1.3986   0.2460  20.4197  27.2982   86.8762  -185.45
 12 1965    0.0143   1.3536   0.2399  20.3144  27.1282   87.3882  -184.04
 12 1966    0.0290   1.4048   0.2456  20.2227  27.1080   87.9868  -178.24
 12 1967    0.0156   1.3756   0.2420  20.1222  26.9613   88.5199  -177.54
 12 1968    0.0301   1.4177   0.2463  20.0310  26.9311   89.1107  -174.01
 12 1969    0.0158   1.3918   0.2433  19.9333  26.7900   89.6510  -174.22
 12 1970    0.0282   1.4235   0.2463  19.8426  26.7465   90.2335  -172.34
 12 1971    0.0207   1.4302   0.2475  19.7518  26.6562   90.8107  -171.86
 12 1972    0.0363   1.5184   0.2585  19.6745  26.6936   91.4737  -168.64
 12 1973    0.0196   1.5020   0.2569  19.5857  26.5700   92.0539  -169.41
 12 1974    0.0309   1.5569   0.2632  19.5069  26.5638   92.6976  -167.73
 12 1975    0.0188   1.5343   0.2602  19.4194  26.4387   93.2765  -168.69
 12 1976    0.0300   1.5986   0.2679  19.3453  26.4477   93.9416  -167.04
 12 1977    0.0213   1.5944   0.2673  19.2639  26.3528   94.5526  -167.80
 12 1978    0.0373   1.6736   0.2768  19.1954  26.3891   95.2473  -166.26
 12 1979    0.0205   1.6493   0.2739  19.1154  26.2650   95.8586  -167.79
 12 1980    0.0354   1.7179   0.2819  19.0485  26.2896   96.5553  -166.85
 12 1981    0.0187   1.6849   0.2778  18.9699  26.1571   97.1671  -168.67
 12 1982    0.0384   1.7691   0.2876  18.9080  26.2091   97.8895  -167.58
 12 1983    0.0219   1.7533   0.2860  18.8358  26.1029   98.5371  -169.05
 12 1984    0.0344   1.8351   0.2962  18.7786  26.1502   99.2829  -168.28
 12 1985    0.0209   1.7950   0.2906  18.7050  26.0175   99.9137  -170.18
 12 1986    0.0382   1.8485   0.2962  18.6441  26.0330  100.6264  -170.02
 12 1987    0.0225   1.8036   0.2904  18.5714  25.8938  101.2544  -172.01
 12 1988    0.0368   1.8792   0.2997  18.5167  25.9383  102.0015  -171.57
 12 1989    0.0231   1.8348   0.2938  18.4460  25.8037  102.6361  -173.48
 12 1990    0.0539   1.9837   0.3124  18.4051  25.9610  103.4700  -171.71
 12 1991    0.0177   1.8616   0.2969  18.3274  25.7094  104.0494  -175.01
 12 1992    0.0594   2.0690   0.3231  18.2985  25.9560  104.9590  -172.30
 12 1993    0.0154   1.9272   0.3054  18.2224  25.6763  105.5433  -175.81
 12 1994    0.0426   1.9815   0.3103  18.1697  25.7100  106.2832  -175.68
 12 1995    0.0164   2.0079   0.3160  18.1229  25.6690  107.0603  -176.40
 12 1996    0.0236   1.9108   0.3003  18.0479  25.4884  107.6415  -178.68
 12 1997    0.0480   2.0207   0.3141  18.0068  25.5955  108.4504  -177.75
 12 1998    0.0185   2.1021   0.3282  17.9744  25.6291  109.3167  -177.64
 12 1999    0.0243   2.0741   0.3226  17.9185  25.5454  110.0196  -178.78
 12 2000    0.0546   2.1996   0.3377  17.8873  25.6851  110.8887  -177.55
 12 2001    0.0194   2.2887   0.3531  17.8658  25.7329  111.8232  -177.29
 12 2002    0.0592   2.4106   0.3660  17.8421  25.8837  112.7397  -176.02
 12 2003    0.0455   2.4383   0.3701  17.8123  25.8721  113.6140  -176.36
 12 2004    0.0166   2.4374   0.3712  17.7830  25.8141  114.4903  -177.15
 12 2005    0.0177   2.2843   0.3473  17.7191  25.5742  115.1265  -179.72
 12 2006    0.0549   2.3509   0.3533  17.6860  25.6510  115.9704  -179.17
 12 2007    0.0180   2.3873   0.3618  17.6621  25.6350  116.8758  -179.53
 12 2008    0.0198   2.2597   0.3422  17.6017  25.4293  117.5293  -181.71
 12 2009    0.0502   2.3356   0.3506  17.5713  25.5137  118.3848  -181.08
 12 2010    0.0193   2.3835   0.3604  17.5491  25.5182  119.2947  -181.22
 12 2011    0.0223   2.2741   0.3434  17.4928  25.3384  119.9692  -183.10
 12 2012    0.0556   2.4300   0.3634  17.4791  25.5339  120.9325  -181.39
 12 2013    0.0276   2.5515   0.3834  17.4752  25.6435  121.9625  -180.53
 12 2014    0.0515   2.6675   0.3971  17.4671  25.7892  122.9633  -179.33
 12 2015    0.0773   2.7803   0.4100  17.4620  25.9354  123.9839  -178.14
 12 2016    0.0193   2.8056   0.4177  17.4589  25.9073  125.0188  -178.53
 12 2017    0.0151   2.5965   0.3857  17.4030  25.6062  125.6903  -181.37
 12 2018    0.0602   2.6959   0.3959  17.3909  25.7488  126.6591  -180.21
 12 2019    0.0236   2.7605   0.4084  17.3893  25.7877  127.7002  -179.98
 12 2020    0.0464   2.7752   0.4076  17.3710  25.8061  128.6254  -179.91
 12 2021    0.4659   3.6376   0.4929  17.4587  27.2610  130.2751  -167.78
 12 2022    0.0056   3.1853   0.4690  17.4435  26.3092  131.2269  -175.70
 12 2023    0.0019   2.8042   0.4110  17.3706  25.7937  131.7819  -180.25
 12 2024    0.0888   2.9974   0.4314  17.3797  26.1033  132.8935  -177.64
 12 2025    0.0275   3.1324   0.4567  17.4083  26.2307  134.1412  -176.64
 12 2026    0.0370   3.0216   0.4383  17.3831  26.0859  135.0204  -177.95
 12 2027    0.0998   3.1719   0.4542  17.3954  26.3272  136.1544  -175.98
 12 2028    0.0255   3.2597   0.4734  17.4236  26.3882  137.4005  -175.53
 12 2029    0.0253   3.0389   0.4396  17.3839  26.0936  138.1810  -178.09
 12 2030    0.0839   3.1688   0.4534  17.3938  26.3058  139.2994  -176.35
 12 2031    0.0251   3.2488   0.4703  17.4185  26.3686  140.5211  -175.90
 12 2032    0.0376   3.1168   0.4488  17.3936  26.2027  141.4030  -177.35
 12 2033    0.0999   3.2877   0.4682  17.4137  26.4753  142.5913  -175.13
 12 2034    0.0290   3.3948   0.4901  17.4498  26.5696  143.8929  -174.39
 12 2035    0.0389   3.3015   0.4742  17.4389  26.4594  144.8726  -175.35
 12 2036    0.0859   3.4025   0.4843  17.4552  26.6339  146.0380  -173.97
 12 2037    0.0246   3.4585   0.4976  17.4852  26.6718  147.2996  -173.70
 12 2038    0.0245   3.2254   0.4622  17.4511  26.3691  148.1224  -176.21
 12 2039    0.1031   3.3982   0.4806  17.4735  26.6613  149.3305  -173.88
 12 2040    0.0296   3.5125   0.5042  17.5158  26.7680  150.6775  -173.06
 12 2041    0.0466   3.3688   0.4804  17.4981  26.5999  151.6150  -174.45
 12 2042    0.0751   3.3514   0.4752  17.4964  26.6039  152.6603  -174.44
 12 2043    0.0201   3.3016   0.4732  17.5017  26.5025  153.7552  -175.29
 12 2044    0.0398   3.1416   0.4479  17.4719  26.3071  154.6084  -176.91
 12 2045    0.0778   3.1718   0.4498  17.4687  26.3740  155.6421  -176.40
 12 2046    0.0219   3.1681   0.4552  17.4757  26.3268  156.7467  -176.82
 12 2047    0.0264   2.9790   0.4273  17.4371  26.0756  157.5382  -178.93
 12 2048    0.0894   3.0916   0.4391  17.4400  26.2660  158.6117  -177.37
 12 2049    0.0242   3.1491   0.4543  17.4571  26.2907  159.7840  -177.18
 12 2050    0.0339   2.9523   0.4244  17.4154  26.0319  160.5531  -179.36
 12 2051    0.0907   3.0153   0.4292  17.4083  26.1495  161.5565  -178.38
 12 2052    0.0196   3.0264   0.4382  17.4142  26.1043  162.6495  -178.77
 12 2053    0.0220   2.8234   0.4082  17.3677  25.8272  163.3833  -181.13
 12 2054    0.0937   2.9045   0.4144  17.3571  25.9756  164.3600  -179.87
 12 2055    0.0214   2.9327   0.4262  17.3618  25.9480  165.4422  -180.11
 12 2056    0.0371   2.7773   0.4019  17.3189  25.7411  166.1968  -181.89
 12 2057    0.0874   2.8661   0.4111  17.3111  25.8816  167.1899  -180.68
 12 2058    0.0209   2.9021   0.4232  17.3155  25.8676  168.2675  -180.81
 12 2059    0.0181   2.6849   0.3913  17.2626  25.5628  168.9511  -183.44
 12 2060    0.0913   2.8650   0.4118  17.2665  25.8405  170.0206  -181.07
 12 2061    0.0239   2.9709   0.4339  17.2854  25.9200  171.1946  -180.41
 12 2062    0.0198   2.7620   0.4028  17.2375  25.6280  171.9108  -182.92
 12 2063    0.0797   2.8069   0.4042  17.2203  25.7170  172.8346  -182.17
 12 2064    0.0188   2.8113   0.4110  17.2160  25.6631  173.8470  -182.64
 12 2065    0.0261   2.6529   0.3870  17.1699  25.4419  174.5712  -184.58
 12 2066    0.0781   2.7831   0.4020  17.1665  25.6356  175.5852  -182.90
 12 2067    0.0227   2.8556   0.4181  17.1745  25.6768  176.6781  -182.55
 12 2068    0.0269   2.6739   0.3905  17.1265  25.4236  177.3868  -184.76
 12 2069    0.0930   2.7675   0.3985  17.1149  25.5798  178.3421  -183.40
 12 2070    0.0197   2.8000   0.4105  17.1168  25.5529  179.3907  -183.64
 12 2071    0.0229   2.6481   0.3875  17.0730  25.3375  180.1249  -185.54
 12 2072    0.1011   2.7899   0.4014  17.0683  25.5666  181.1238  -183.53
 12 2073    0.0210   2.8607   0.4195  17.0801  25.5872  182.2376  -183.35
 12 2074    0.0280   2.6570   0.3881  17.0284  25.3075  182.9150  -185.81
 12 2075    0.0976   2.7455   0.3950  17.0151  25.4592  183.8526  -184.47
 12 2076    0.0191   2.7741   0.4069  17.0167  25.4228  184.8932  -184.79
 12 2077    0.0329   2.6100   0.3811  16.9685  25.1983  185.5907  -186.79
 12 2078    0.0702   2.6514   0.3842  16.9498  25.2615  186.4876  -186.22
 12 2079    0.0164   2.6434   0.3885  16.9377  25.1919  187.4303  -186.85
 12 2080    0.0322   2.4773   0.3627  16.8839  24.9620  188.0847  -188.93
 12 2081    0.0796   2.4970   0.3620  16.8541  24.9985  188.9004  -188.59
 12 2082    0.0139   2.4692   0.3649  16.8337  24.8875  189.7798  -189.61
 12 2083    0.0263   2.2980   0.3390  16.7728  24.6420  190.3801  -191.88
 12 2084    0.0724   2.3425   0.3423  16.7416  24.7046  191.1792  -191.29
 12 2085    0.0146   2.3413   0.3485  16.7197  24.6300  192.0417  -191.99
 12 2086    0.0289   2.1914   0.3254  16.6581  24.4097  192.6297  -194.07
 12 2087    0.0690   2.2198   0.3269  16.6208  24.4424  193.3801  -193.75
 12 2088    0.0133   2.2131   0.3320  16.5933  24.3576  194.1966  -194.56
 12 2089    0.0188   2.0783   0.3120  16.5317  24.1467  194.7774  -196.60
 12 2090    0.1015   2.2336   0.3280  16.5091  24.3781  195.6209  -194.36
 12 2091    0.0180   2.3146   0.3482  16.5038  24.3905  196.5832  -194.23
 12 2092    0.0255   2.1713   0.3258  16.4451  24.1736  197.1784  -196.32
 12 2093    0.0804   2.3058   0.3407  16.4275  24.3603  198.0512  -194.52
 12 2094    0.0180   2.3803   0.3574  16.4223  24.3839  199.0089  -194.29
 12 2095    0.0253   2.2228   0.3327  16.3643  24.1510  199.6041  -196.53
 12 2096    0.0641   2.2757   0.3369  16.3360  24.2187  200.3990  -195.87
 12 2097    0.0151   2.2853   0.3430  16.3156  24.1648  201.2469  -196.39
 12 2098    0.0279   2.1405   0.3201  16.2561  23.9506  201.8249  -198.49
 12 2099    0.0656   2.2015   0.3262  16.2263  24.0255  202.6026  -197.74
