MON   YR       DPM      RPM      BIO      HUM    TOTAL       CO2     D14C
 12 1850    0.0020  10.2122   1.0544  42.7858  59.2602    2.7566   -98.08
 12 1851    0.1384   8.9954   0.9760  42.6378  57.9536    5.1253  -100.27
 12 1852    0.0381   7.6857   0.8817  42.4414  56.2528    7.1502  -103.28
 12 1853    0.0311   6.5741   0.7882  42.2064  54.8058    8.8948  -105.99
 12 1854    0.0426   5.6531   0.7069  41.9497  53.5581   10.4718  -108.43
 12 1855    0.0349   4.8641   0.6359  41.6751  52.4158   11.9060  -110.77
 12 1856    0.0309   4.2044   0.5748  41.3864  51.4024   13.2210  -112.92
 12 1857    0.0331   3.6412   0.5205  41.0836  50.4843   14.4169  -114.95
 12 1858    0.0382   3.1717   0.4742  40.7717  49.6617   15.5261  -116.82
 12 1859    0.0357   2.7778   0.4355  40.4537  48.9087   16.5690  -118.59
 12 1860    0.0350   2.4552   0.4035  40.1316  48.2313   17.5582  -120.23
 12 1861    0.0327   2.1595   0.3727  39.8012  47.5719   18.4647  -121.87
 12 1862    0.0300   1.9226   0.3483  39.4699  46.9766   19.3391  -123.38
 12 1863    0.0294   1.7278   0.3279  39.1372  46.4281   20.1776  -124.81
 12 1864    0.0288   1.5502   0.3085  38.8009  45.8942   20.9655  -126.23
 12 1865    0.0307   1.3997   0.2915  38.4634  45.3912   21.7184  -127.60
 12 1866    0.0305   1.2804   0.2783  38.1276  44.9227   22.4559  -128.90
 12 1867    0.0290   1.1738   0.2662  37.7914  44.4664   23.1649  -130.19
 12 1868    0.0314   1.0788   0.2547  37.4547  44.0255   23.8433  -131.47
 12 1869    0.0274   1.0010   0.2458  37.1206  43.6006   24.5123  -132.72
 12 1870    0.0261   0.9229   0.2361  36.7853  43.1763   25.1475  -133.99
 12 1871    0.0296   0.8693   0.2291  36.4533  42.7871   25.7784  -135.18
 12 1872    0.0298   0.8294   0.2241  36.1248  42.4140   26.4073  -136.33
 12 1873    0.0321   0.7944   0.2193  35.7981  42.0497   27.0224  -137.48
 12 1874    0.0230   0.7484   0.2137  35.4723  41.6632   27.6181  -138.72
 12 1875    0.0220   0.7024   0.2071  35.1465  41.2839   28.1880  -139.96
 12 1876    0.0204   0.6695   0.2024  34.8241  40.9223   28.7553  -141.16
 12 1877    0.0283   0.6622   0.2004  34.5068  40.6036   29.3321  -142.24
 12 1878    0.0338   0.6708   0.2008  34.1954  40.3068   29.9247  -143.25
 12 1879    0.0325   0.6717   0.2006  33.8871  39.9978   30.5133  -144.33
 12 1880    0.0296   0.6736   0.2005  33.5823  39.6918   31.1016  -145.40
 12 1881    0.0215   0.6536   0.1975  33.2774  39.3559   31.6652  -146.60
 12 1882    0.0305   0.6491   0.1951  32.9752  39.0558   32.2235  -147.69
 12 1883    0.0232   0.6292   0.1921  32.6750  38.7253   32.7713  -148.91
 12 1884    0.0215   0.6191   0.1900  32.3780  38.4144   33.3173  -150.07
 12 1885    0.0251   0.6056   0.1868  32.0820  38.1054   33.8470  -151.25
 12 1886    0.0235   0.5885   0.1837  31.7882  37.7899   34.3685  -152.47
 12 1887    0.0280   0.5887   0.1825  31.4991  37.5041   34.8982  -153.59
 12 1888    0.0235   0.5814   0.1811  31.2125  37.2043   35.4228  -154.78
 12 1889    0.0220   0.5617   0.1775  30.9257  36.8927   35.9235  -156.04
 12 1890    0.0238   0.5605   0.1764  30.6439  36.6105   36.4356  -157.20
 12 1891    0.0216   0.5578   0.1754  30.3651  36.3258   36.9457  -158.39
 12 1892    0.0206   0.5461   0.1730  30.0871  36.0327   37.4399  -159.63
 12 1893    0.0236   0.5409   0.1711  29.8120  35.7534   37.9316  -160.83
 12 1894    0.0239   0.5403   0.1702  29.5405  35.4807   38.4263  -162.02
 12 1895    0.0222   0.5329   0.1684  29.2707  35.2001   38.9113  -163.26
 12 1896    0.0230   0.5233   0.1661  29.0025  34.9208   39.3858  -164.52
 12 1897    0.0203   0.5119   0.1639  28.7366  34.6386   39.8551  -165.81
 12 1898    0.0206   0.4968   0.1608  28.4717  34.3558   40.3098  -167.12
 12 1899    0.0212   0.4898   0.1590  28.2102  34.0862   40.7670  -168.39
 12 1900    0.0090   0.5071   0.1617  28.0186  33.9024   41.1583  -169.30
 12 1901    0.0092   0.5217   0.1627  27.8273  33.7268   41.5395  -170.18
 12 1902    0.0078   0.5282   0.1627  27.6367  33.5413   41.9144  -171.11
 12 1903    0.0080   0.5331   0.1624  27.4474  33.3568   42.2863  -172.04
 12 1904    0.0077   0.5422   0.1628  27.2606  33.1793   42.6644  -172.96
 12 1905    0.0082   0.5495   0.1629  27.0752  33.0017   43.0403  -173.91
 12 1906    0.0096   0.5654   0.1643  26.8930  32.8382   43.4273  -174.80
 12 1907    0.0087   0.5716   0.1644  26.7113  32.6618   43.8065  -175.75
 12 1908    0.0084   0.5809   0.1649  26.5318  32.4918   44.1899  -176.68
 12 1909    0.0069   0.5775   0.1637  26.3518  32.3058   44.5591  -177.70
 12 1910    0.0084   0.5797   0.1631  26.1737  32.1308   44.9304  -178.67
 12 1911    0.0072   0.5740   0.1616  25.9959  31.9446   45.2929  -179.70
 12 1912    0.0070   0.5748   0.1611  25.8204  31.7691   45.6603  -180.69
 12 1913    0.0078   0.5719   0.1599  25.6453  31.5908   46.0205  -181.70
 12 1914    0.0073   0.5655   0.1584  25.4710  31.4081   46.3750  -182.74
 12 1915    0.0087   0.5712   0.1585  25.2998  31.2441   46.7405  -183.73
 12 1916    0.0074   0.5698   0.1578  25.1292  31.0701   47.0993  -184.78
 12 1917    0.0068   0.5588   0.1556  24.9579  30.8850   47.4432  -185.88
 12 1918    0.0078   0.5628   0.1556  24.7901  30.7222   47.8012  -186.88
 12 1919    0.0072   0.5653   0.1555  24.6238  30.5577   48.1587  -187.89
 12 1920    0.0072   0.5628   0.1545  24.4577  30.3881   48.5083  -188.91
 12 1921    0.0080   0.5643   0.1541  24.2935  30.2258   48.8602  -189.90
 12 1922    0.0080   0.5679   0.1541  24.1311  30.0670   49.2149  -190.88
 12 1923    0.0077   0.5677   0.1535  23.9694  29.9043   49.5645  -191.89
 12 1924    0.0078   0.5635   0.1523  23.8081  29.7376   49.9072  -192.93
 12 1925    0.0069   0.5570   0.1509  23.6476  29.5684   50.2453  -194.05
 12 1926    0.0071   0.5485   0.1491  23.4875  29.3981   50.5763  -195.18
 12 1927    0.0073   0.5452   0.1482  23.3293  29.2359   50.9110  -196.26
 12 1928    0.0083   0.5516   0.1485  23.1739  29.0882   51.2554  -197.28
 12 1929    0.0084   0.5544   0.1484  23.0194  28.9365   51.5962  -198.32
 12 1930    0.0069   0.5481   0.1471  22.8646  28.7727   51.9263  -199.36
 12 1931    0.0070   0.5419   0.1457  22.7107  28.6112   52.2522  -200.41
 12 1932    0.0068   0.5409   0.1451  22.5587  28.4573   52.5824  -201.42
 12 1933    0.0072   0.5403   0.1445  22.4078  28.3057   52.9111  -202.44
 12 1934    0.0084   0.5473   0.1449  22.2594  28.1660   53.2476  -203.38
 12 1935    0.0076   0.5461   0.1443  22.1111  28.0150   53.5758  -204.47
 12 1936    0.0074   0.5494   0.1443  21.9647  27.8718   53.9082  -205.51
 12 1937    0.0064   0.5440   0.1431  21.8180  27.7174   54.2298  -206.63
 12 1938    0.0074   0.5421   0.1423  21.6726  27.5703   54.5513  -207.71
 12 1939    0.0066   0.5352   0.1408  21.5275  27.4161   54.8663  -208.85
 12 1940    0.0065   0.5342   0.1403  21.3843  27.2712   55.1855  -209.94
 12 1941    0.0071   0.5307   0.1392  21.2416  27.1245   55.4988  -211.04
 12 1942    0.0066   0.5238   0.1378  21.0992  26.9734   55.8067  -212.19
 12 1943    0.0080   0.5282   0.1379  20.9597  26.8397   56.1249  -213.23
 12 1944    0.0069   0.5269   0.1374  20.8206  26.6978   56.4378  -214.33
 12 1945    0.0063   0.5167   0.1355  20.6807  26.5452   56.7371  -215.60
 12 1946    0.0073   0.5207   0.1356  20.5441  26.4136   57.0499  -216.73
 12 1947    0.0068   0.5234   0.1356  20.4086  26.2802   57.3624  -217.87
 12 1948    0.0067   0.5220   0.1350  20.2734  26.1430   57.6688  -219.04
 12 1949    0.0075   0.5241   0.1348  20.1398  26.0121   57.9777  -220.17
 12 1950    0.0095   0.5284   0.1348  20.0074  25.8860   58.2868  -221.22
 12 1951    0.0081   0.5355   0.1355  19.8773  25.7623   58.6036  -222.26
 12 1952    0.0128   0.5672   0.1392  19.7522  25.6774   58.9474  -223.03
 12 1953    0.0073   0.5699   0.1396  19.6254  25.5481   59.2714  -224.13
 12 1954    0.0126   0.5934   0.1419  19.5021  25.4559   59.6122  -224.93
 12 1955    0.0086   0.5997   0.1426  19.3788  25.3356   59.9453  -225.87
 12 1956    0.0110   0.6200   0.1447  19.2585  25.2402   60.2916  -226.49
 12 1957    0.0083   0.6179   0.1440  19.1364  25.1125   60.6180  -227.19
 12 1958    0.0122   0.6275   0.1444  19.0164  25.0064   60.9515  -227.33
 12 1959    0.0081   0.6216   0.1433  18.8959  24.8748   61.2743  -227.57
 12 1960    0.0116   0.6375   0.1448  18.7792  24.7791   61.6161  -227.49
 12 1961    0.0084   0.6327   0.1438  18.6610  24.6518   61.9406  -227.80
 12 1962    0.0143   0.6640   0.1474  18.5492  24.5809   62.3018  -226.49
 12 1963    0.0073   0.6531   0.1458  18.4333  24.4454   62.6276  -224.38
 12 1964    0.0132   0.6730   0.1477  18.3219  24.3617   62.9779  -220.32
 12 1965    0.0070   0.6523   0.1446  18.2060  24.2159   63.2907  -220.17
 12 1966    0.0142   0.6787   0.1474  18.0974  24.1436   63.6462  -217.52
 12 1967    0.0077   0.6654   0.1455  17.9850  24.0095   63.9690  -217.76
 12 1968    0.0145   0.6854   0.1474  17.8774  23.9305   64.3181  -216.44
 12 1969    0.0078   0.6734   0.1457  17.7672  23.8001   64.6431  -217.19
 12 1970    0.0132   0.6853   0.1465  17.6603  23.7113   64.9836  -216.90
 12 1971    0.0101   0.6895   0.1470  17.5544  23.6070   65.3249  -217.21
 12 1972    0.0177   0.7336   0.1523  17.4557  23.5651   65.7084  -215.89
 12 1973    0.0097   0.7263   0.1514  17.3518  23.4451   66.0509  -216.94
 12 1974    0.0148   0.7512   0.1540  17.2528  23.3787   66.4211  -216.62
 12 1975    0.0092   0.7409   0.1524  17.1504  23.2589   66.7614  -217.78
 12 1976    0.0143   0.7699   0.1557  17.0545  23.2003   67.1402  -217.47
 12 1977    0.0105   0.7692   0.1554  16.9560  23.0969   67.4955  -218.47
 12 1978    0.0181   0.8082   0.1599  16.8642  23.0563   67.8907  -218.07
 12 1979    0.0101   0.7971   0.1584  16.7673  22.9388   68.2453  -219.56
 12 1980    0.0171   0.8305   0.1621  16.6771  22.8927   68.6405  -219.53
 12 1981    0.0091   0.8153   0.1600  16.5818  22.7721   68.9948  -221.18
 12 1982    0.0185   0.8553   0.1644  16.4949  22.7391   69.4007  -221.06
 12 1983    0.0107   0.8483   0.1635  16.4035  22.6320   69.7712  -222.50
 12 1984    0.0164   0.8859   0.1680  16.3195  22.5956   70.1859  -222.59
 12 1985    0.0103   0.8674   0.1652  16.2283  22.4772   70.5472  -224.29
 12 1986    0.0181   0.8902   0.1673  16.1431  22.4246   70.9435  -224.79
 12 1987    0.0110   0.8693   0.1644  16.0531  22.3037   71.3018  -226.56
 12 1988    0.0174   0.9026   0.1683  15.9716  22.2658   71.7130  -226.87
 12 1989    0.0109   0.8824   0.1654  15.8834  22.1480   72.0738  -228.60
 12 1990    0.0267   0.9592   0.1749  15.8107  22.1775   72.5350  -227.80
 12 1991    0.0083   0.9015   0.1675  15.7204  22.0036   72.8710  -230.47
 12 1992    0.0342   1.0455   0.1859  15.6614  22.1328   73.4166  -228.12
 12 1993    0.0076   0.9785   0.1776  15.5751  21.9447   73.7714  -230.96
 12 1994    0.0284   1.0431   0.1846  15.5059  21.9679   74.2383  -230.42
 12 1995    0.0094   1.0776   0.1907  15.4403  21.9239   74.7260  -230.96
 12 1996    0.0110   1.0226   0.1815  15.3560  21.7771   75.0811  -233.11
 12 1997    0.0321   1.1322   0.1953  15.2990  21.8645   75.6181  -231.64
 12 1998    0.0123   1.2181   0.2089  15.2492  21.8944   76.2017  -231.09
 12 1999    0.0115   1.1787   0.2020  15.1758  21.7740   76.6198  -232.79
 12 2000    0.0251   1.2121   0.2049  15.1130  21.7610   77.1064  -232.89
 12 2001    0.0090   1.2327   0.2086  15.0548  21.7110   77.6207  -233.55
 12 2002    0.0290   1.2752   0.2122  14.9960  21.7184   78.1275  -233.38
 12 2003    0.0280   1.3104   0.2168  14.9407  21.7018   78.6543  -233.56
 12 2004    0.0093   1.3207   0.2192  14.8862  21.6414   79.1840  -234.36
 12 2005    0.0083   1.2308   0.2053  14.8101  21.4604   79.5619  -236.90
 12 2006    0.0292   1.2709   0.2090  14.7526  21.4676   80.0625  -236.74
 12 2007    0.0099   1.2946   0.2139  14.7005  21.4248   80.5968  -237.30
 12 2008    0.0095   1.2210   0.2026  14.6278  21.2668   80.9866  -239.51
 12 2009    0.0266   1.2637   0.2072  14.5723  21.2758   81.4904  -239.32
 12 2010    0.0106   1.2927   0.2127  14.5218  21.2438   82.0254  -239.73
 12 2011    0.0122   1.2401   0.2044  14.4542  21.1168   82.4390  -241.48
 12 2012    0.0300   1.3259   0.2153  14.4092  21.1862   83.0038  -240.44
 12 2013    0.0151   1.3935   0.2262  14.3698  21.2104   83.6048  -240.05
 12 2014    0.0240   1.4440   0.2320  14.3265  21.2324   84.1768  -239.68
 12 2015    0.0414   1.5033   0.2383  14.2856  21.2745   84.7622  -239.04
 12 2016    0.0104   1.5170   0.2423  14.2467  21.2222   85.3587  -239.71
 12 2017    0.0073   1.3955   0.2238  14.1779  21.0105   85.7485  -242.59
 12 2018    0.0355   1.4663   0.2313  14.1371  21.0762   86.3253  -241.62
 12 2019    0.0132   1.5134   0.2400  14.1030  21.0754   86.9462  -241.58
 12 2020    0.0257   1.5182   0.2389  14.0572  21.0459   87.4844  -241.92
 12 2021    0.3528   1.9690   0.2720  14.0537  21.8535   88.3092  -231.10
 12 2022    0.0042   1.7242   0.2695  14.0213  21.2251   88.9376  -239.32
 12 2023    0.0003   1.5121   0.2373  13.9458  20.9015   89.2673  -243.69
 12 2024    0.0317   1.5135   0.2345  13.8980  20.8837   89.7818  -243.87
 12 2025    0.0097   1.5017   0.2350  13.8561  20.8083   90.3348  -244.86
 12 2026    0.0142   1.4268   0.2235  13.7975  20.6679   90.7704  -246.75
 12 2027    0.0362   1.4347   0.2230  13.7493  20.6490   91.2735  -246.95
 12 2028    0.0091   1.4244   0.2243  13.7060  20.5697   91.8082  -248.00
 12 2029    0.0089   1.3225   0.2095  13.6408  20.3876   92.1895  -250.53
 12 2030    0.0298   1.3354   0.2099  13.5907  20.3717   92.6699  -250.68
 12 2031    0.0088   1.3340   0.2121  13.5454  20.3062   93.1813  -251.55
 12 2032    0.0136   1.2782   0.2036  13.4858  20.1871   93.5914  -253.20
 12 2033    0.0393   1.3336   0.2098  13.4424  20.2310   94.1081  -252.47
 12 2034    0.0111   1.3640   0.2170  13.4053  20.2033   94.6664  -252.79
 12 2035    0.0151   1.3210   0.2101  13.3506  20.1027   95.1020  -254.18
 12 2036    0.0304   1.3344   0.2107  13.3034  20.0848   95.5851  -254.35
 12 2037    0.0086   1.3338   0.2126  13.2607  20.0217   96.0965  -255.20
 12 2038    0.0095   1.2471   0.1996  13.1979  19.8600   96.4674  -257.52
 12 2039    0.0389   1.3047   0.2056  13.1554  19.9105   96.9730  -256.68
 12 2040    0.0110   1.3402   0.2135  13.1203  19.8909   97.5278  -256.88
 12 2041    0.0139   1.2879   0.2052  13.0652  19.7780   97.9428  -258.49
 12 2042    0.0313   1.2914   0.2041  13.0166  19.7493   98.3991  -258.83
 12 2043    0.0082   1.2792   0.2045  12.9720  19.6697   98.8802  -259.94
 12 2044    0.0118   1.2204   0.1954  12.9141  19.5476   99.2675  -261.72
 12 2045    0.0311   1.2328   0.1956  12.8653  19.5307   99.7134  -261.89
 12 2046    0.0085   1.2306   0.1976  12.8213  19.4639  100.1892  -262.83
 12 2047    0.0104   1.1630   0.1874  12.7611  19.3278  100.5512  -264.87
 12 2048    0.0325   1.1882   0.1893  12.7132  19.3292  100.9941  -264.75
 12 2049    0.0085   1.1941   0.1926  12.6702  19.2714  101.4678  -265.57
 12 2050    0.0099   1.1241   0.1821  12.6092  19.1312  101.8153  -267.70
 12 2051    0.0362   1.1512   0.1839  12.5606  19.1376  102.2435  -267.50
 12 2052    0.0076   1.1560   0.1874  12.5176  19.0745  102.7082  -268.41
 12 2053    0.0081   1.0847   0.1768  12.4561  18.9316  103.0428  -270.64
 12 2054    0.0357   1.1107   0.1783  12.4065  18.9371  103.4560  -270.44
 12 2055    0.0080   1.1160   0.1818  12.3629  18.8745  103.9068  -271.37
 12 2056    0.0108   1.0616   0.1735  12.3038  18.7556  104.2486  -273.23
 12 2057    0.0337   1.0934   0.1762  12.2563  18.7655  104.6664  -272.96
 12 2058    0.0079   1.1042   0.1803  12.2140  18.7123  105.1173  -273.75
 12 2059    0.0072   1.0290   0.1691  12.1520  18.5632  105.4305  -276.16
 12 2060    0.0361   1.0985   0.1768  12.1109  18.6282  105.8829  -274.96
 12 2061    0.0092   1.1377   0.1850  12.0758  18.6136  106.3742  -275.11
 12 2062    0.0081   1.0640   0.1738  12.0166  18.4685  106.6987  -277.49
 12 2063    0.0287   1.0670   0.1723  11.9663  18.4403  107.0797  -277.87
 12 2064    0.0066   1.0559   0.1728  11.9203  18.3615  107.4879  -279.13
 12 2065    0.0087   0.9997   0.1643  11.8619  18.2404  107.8076  -281.14
 12 2066    0.0303   1.0487   0.1696  11.8189  18.2734  108.2295  -280.47
 12 2067    0.0085   1.0744   0.1755  11.7806  18.2448  108.6811  -280.87
 12 2068    0.0086   1.0147   0.1664  11.7236  18.1192  109.0023  -282.98
 12 2069    0.0358   1.0491   0.1689  11.6785  18.1383  109.4019  -282.54
 12 2070    0.0074   1.0591   0.1730  11.6390  18.0845  109.8367  -283.40
 12 2071    0.0090   1.0077   0.1651  11.5839  17.9715  110.1622  -285.33
 12 2072    0.0379   1.0546   0.1692  11.5417  18.0093  110.5730  -284.54
 12 2073    0.0077   1.0743   0.1749  11.5056  17.9685  111.0236  -285.18
 12 2074    0.0084   1.0063   0.1645  11.4491  17.8341  111.3311  -287.52
 12 2075    0.0381   1.0404   0.1667  11.4053  17.8564  111.7227  -287.01
 12 2076    0.0072   1.0500   0.1710  11.3677  17.8018  112.1545  -287.91
 12 2077    0.0104   0.9964   0.1626  11.3136  17.6887  112.4704  -289.90
 12 2078    0.0299   1.0254   0.1650  11.2711  17.6973  112.8628  -289.64
 12 2079    0.0068   1.0313   0.1680  11.2322  17.6442  113.2779  -290.53
 12 2080    0.0101   0.9706   0.1586  11.1770  17.5221  113.5776  -292.72
 12 2081    0.0371   0.9976   0.1601  11.1328  17.5334  113.9502  -292.41
 12 2082    0.0062   0.9988   0.1632  11.0938  17.4680  114.3561  -293.55
 12 2083    0.0096   0.9344   0.1533  11.0375  17.3407  114.6401  -295.89
 12 2084    0.0331   0.9659   0.1558  10.9943  17.3551  115.0110  -295.51
 12 2085    0.0065   0.9741   0.1597  10.9559  17.3021  115.4124  -296.43
 12 2086    0.0109   0.9120   0.1500  10.8998  17.1786  115.6900  -298.74
 12 2087    0.0317   0.9345   0.1515  10.8553  17.1789  116.0433  -298.64
 12 2088    0.0059   0.9387   0.1546  10.8158  17.1209  116.4286  -299.68
 12 2089    0.0067   0.8796   0.1457  10.7606  16.9985  116.7035  -302.02
 12 2090    0.0368   0.9149   0.1482  10.7170  17.0227  117.0548  -301.43
 12 2091    0.0062   0.9241   0.1525  10.6792  16.9680  117.4437  -302.43
 12 2092    0.0070   0.8671   0.1439  10.6248  16.8487  117.7161  -304.75
 12 2093    0.0323   0.9170   0.1489  10.5854  16.8895  118.0881  -303.82
 12 2094    0.0069   0.9420   0.1549  10.5513  16.8611  118.4942  -304.30
 12 2095    0.0097   0.8842   0.1459  10.4981  16.7437  118.7672  -306.60
 12 2096    0.0310   0.9302   0.1506  10.4602  16.7779  119.1415  -305.80
 12 2097    0.0070   0.9519   0.1559  10.4268  16.7475  119.5448  -306.33
 12 2098    0.0081   0.8909   0.1465  10.3746  16.6261  119.8174  -308.75
 12 2099    0.0277   0.9176   0.1486  10.3343  16.6341  120.1676  -308.48
